9486
1036
4816
52
868
6393
302
4792
3723
7651
5428
4927
1838
8574
938
4047
4879
8046
386
3814
9050
3397
2264
4301
6934
7441
806
5837
6678
304
3072
4425
3101
3918
8855
9942
9225
619
7979
2690
4635
3848
3619
7943
9533
8019
5774
9279
3748
3262
4812
1039
5900
9333
6187
9530
7513
9904
8030
2901
5154
1630
3763
9176
1372
6915
5860
7836
1924
7022
7579
8688
1820
2101
9098
5596
4477
9582
4331
6815
9466
2093
1102
3823
5690
9702
3730
2772
6600
7137
3197
4123
3364
2693
1622
8115
8153
4365
2663
3404
2862
7444
3680
6563
9226
2392
3722
9799
1731
9672
5745
3292
8211
5682
140
1416
4661
8232
742
3555
487
7612
7727
7155
6573
7767
8121
1931
9817
9747
9103
4845
1252
7960
9546
8802
4410
6607
6344
546
1680
6605
5528
7912
4881
3244
7492
7743
516
9962
4525
2240
9071
2787
8366
2632
266
925
5587
8326
6385
4622
4772
133
987
9337
5901
8115
3016
4706
7742
4213
2783
2320
1736
4554
7361
4227
3411
5888
6744
9690
925
5578
4809
2212
5464
978
789
6432
9964
6292
8078
8635
1206
5316
1272
4255
7096
2528
1977
281
3387
4629
2025
9596
5433
4115
7147
9544
688
4257
5950
4149
5560
1166
3136
3503
7456
66
2560
9431
5264
1826
4902
9957
3551
6674
3237
1787
9398
3056
4170
3293
9588
7108
7865
5918
202
4310
3830
1404
4050
385
6698
902
1492
4060
6511
8975
7465
4771
5756
7587
194
1791
8776
5467
5013
8559
8848
5252
6065
4949
4389
1167
2430
1008
6217
2995
4343
496
5062
1801
9062
8207
8842
2213
1583
6319
4828
1791
4993
2963
950
9868
7085
8784
9717
1189
749
1710
2010
935
7837
3682
4876
2805
3773
1635
1070
6601
5899
9320
4268
9101
4898
2513
7552
7361
1660
5771
8842
7022
4861
598
8332
6722
3570
9667
9641
8915
3351
2188
1927
1529
4592
56
7660
84
772
7290
6655
6756
3159
7215
2945
3599
9902
7227
4377
5833
4575
4475
3995
5067
4876
16
5083
4970
7511
1505
4086
7432
5816
4565
5258
9496
8752
1241
2226
2974
6973
2648
5891
8164
5258
828
4073
8125
3246
9896
18
2427
636
7487
6129
7163
4328
4399
4773
1660
2072
9460
6686
1925
745
4899
5676
3056
7422
3559
7821
596
6775
9403
222
5307
6639
9352
5749
2972
1576
8923
6036
6643
8224
2402
60
7542
9945
3312
9055
1926
4045
6760
1271
3955
6041
1155
7077
7438
8574
9728
6704
5687
6487
2230
6414
1193
271
5596
6493
3746
5766
2924
9276
1591
412
7670
4396
206
4850
1015
871
3442
2143
4094
4239
7002
7705
6002
4202
4255
6547
3293
8122
757
6041
3893
388
5846
2294
2605
5037
740
9683
9224
2375
2929
41
3034
2883
1084
3018
8771
9110
9637
3148
3008
1127
7107
2558
1872
8182
881
2068
5906
7099
7918
3450
6303
597
3957
7382
3173
4796
9549
2514
1977
4957
3757
2960
8629
9667
1422
3102
8062
2880
9254
8540
3111
5559
2199
449
4190
984
7862
3939
2192
2890
2446
8636
2220
1259
5559
1046
968
7893
3240
5363
5746
6885
3575
9244
8669
5720
982
8006
8466
6590
6358
2333
4254
1375
9391
5433
7097
8209
2560
2895
3791
512
4311
7916
8019
833
885
1344
3708
525
1879
9104
6378
9476
7179
9193
1600
3493
8238
3608
1466
4898
5222
7705
8820
7738
2160
4583
6012
4589
1062
3286
4259
3680
8166
5683
6460
775
1653
4868
9523
7583
8517
3133
573
3661
5765
2274
3316
125
6341
9433
1102
4975
980
4207
2814
1881
5461
3035
8913
6795
2437
8595
4609
4654
2910
8254
9466
9543
860
9673
5059
9715
8775
8345
3113
759
748
2169
576
6370
2078
278
8847
4863
4073
8854
4152
5720
3850
2310
2925
6802
5524
4865
4565
8219
5961
5561
7012
1347
8539
5742
1201
2887
164
4137
9627
644
2245
1113
3745
9357
9673
1197
5982
5587
7938
126
8839
353
3360
3722
475
192
2168
5599
2363
5556
63
69
3786
9117
9392
3278
5677
3916
3817
4157
8729
1230
6133
8335
9572
9850
3136
1471
7827
5188
8543
6734
8641
6618
9167
4322
7006
6179
3972
9597
3268
8060
7720
2787
9786
2610
8962
5658
5537
4298
1735
6734
520
3010
1899
519
5654
7743
2857
3365
4574
1915
9954
5464
2946
5592
5595
7560
4941
4195
1713
3124
8293
5842
5510
1720
5843
1974
892
8614
4037
9153
7816
6594
3616
4986
7127
9670
7048
8260
1151
7251
6012
1046
7523
562
6287
896
3369
5585
1418
7905
5300
4993
8227
4766
1476
1269
8563
6967
3500
6589
2071
8909
4059
6528
6420
403
7461
4168
1349
1305
1172
7080
648
5292
9766
514
826
9149
4051
7378
4393
2282
2731
389
4702
465
1129
6047
1553
8822
7029
5955
7984
8685
1589
8487
938
9965
4318
7087
5311
4859
5237
5978
3801
6537
5435
9557
8331
5666
2816
8931
1003
5451
9467
4732
2353
1577
815
9377
4812
5141
4264
4988
8199
7204
5170
809
9401
5227
3353
6808
4834
6060
958
2386
2900
1962
5185
8948
3728
1516
6765
7085
4753
4090
5192
2140
56
6519
4965
5869
3005
991
3301
7294
442
4064
5937
5438
8293
4118
4903
5333
8366
2896
662
7726
3272
7912
5005
2923
6009
8637
8307
1658
8926
7394
3669
3570
5200
74
8240
1623
8904
1219
3535
70
4530
6284
1417
712
7078
5420
3996
4889
9043
8038
267
428
4484
1570
7254
5518
3946
2554
1779
9501
869
2030
1820
3132
6661
8956
599
4027
6116
3657
1365
3532
2649
9619
7206
1347
3313
7071
9912
7469
1909
9474
1011
855
8648
6505
3439
958
7158
2440
659
4901
5564
9967
5104
715
3534
6262
1167
1930
5698
8692
2344
6584
9529
6634
3608
1841
920
7854
6597
5925
4574
8794
2664
2967
4712
5439
3156
4974
7180
5519
5442
7465
358
4041
1510
4270
214
7635
6069
8879
8502
7535
1184
6664
7982
8607
6217
7977
6379
5706
2705
6093
8248
2300
5397
8195
4788
3020
5159
6261
4711
3727
5144
1490
5771
1748
957
8148
5809
8938
1034
3106
45
1653
5124
6511
4433
9808
9788
2554
7465
4939
3882
6366
4363
9889
7900
2205
3972
9823
4561
5463
2971
896
6868
9348
3611
6995
1446
309
260
8579
495
7098
5014
2261
7179
1424
8303
4277
5464
7527
3421
726
3237
1501
8611
1243
6324
889
993
1563
7351
7431
8200
3423
1952
2559
9936
1747
2896
5095
1586
6891
797
8001
7866
5282
6294
762
1548
9062
6305
153
2641
4616
7507
5421
2422
9034
4458
8208
8185
9897
5888
4495
5324
5778
7491
7967
3780
8832
8837
3232
5260
5046
9148
4906
3276
7471
1015
2580
4215
3732
9610
6221
8210
4544
5948
5666
2549
4022
7375
1757
5970
2851
4456
9832
569
3718
2510
5397
3977
8531
9186
6294
9310
6143
4658
3276
9549
9213
8591
9626
3799
1490
1202
8537
6828
6521
9130
5080
3813
564
5473
3804
4975
8689
7110
4064
8239
1725
269
1692
8492
3658
9171
9480
9218
5824
2836
7282
7514
5575
2655
5495
1425
1916
8384
6270
2205
6796
9093
9510
8516
9425
2125
1934
4557
9283
3661
9289
5185
6175
8717
3914
7207
37
5943
2668
1305
9954
31
5156
7170
4160
5367
6779
3502
4811
2515
7769
2111
8604
9789
7327
4244
6036
1124
4589
6419
6287
940
600
179
920
2167
6129
2577
7719
5810
6575
1673
5242
7909
3209
5967
8976
362
5994
3928
4225
9203
7740
5797
9881
1563
3308
4985
1778
8619
5954
5448
7731
7692
3950
2215
5112
1358
2634
2789
1445
3140
8953
7723
8180
1119
8617
6659
4231
4889
6967
7425
3352
7672
3444
4421
490
2837
8602
2179
3165
9469
8932
3976
5719
744
6108
8994
3219
2309
8567
4749
2346
8708
5430
9397
3783
2409
6598
2861
3925
9188
3293
4039
7311
6279
676
8295
7290
9488
739
2567
7107
3203
2177
2426
1673
5450
5789
8428
8247
1265
5458
1104
5164
7962
5444
6408
6846
5349
8174
5630
2894
1586
4947
5726
3138
3635
9472
1362
1827
8238
3652
5453
9047
5763
2436
8662
2160
324
8087
4838
193
1493
2914
1534
8254
3373
790
8084
5775
9911
3043
280
6217
8474
8298
4681
2108
9794
6232
8395
4814
6660
2099
8656
1433
6688
4511
4175
7984
4122
2334
7834
7143
6472
7989
7002
9133
4840
7516
8599
3669
2450
9442
6171
4258
7107
1633
9017
2955
3980
376
560
564
5949
8932
9775
6937
3603
7923
229
6326
3035
1919
7256
4015
537
295
1638
2313
3148
1875
4503
8936
3998
5373
4146
3791
6034
5773
8163
797
1182
2767
2641
5935
4747
5526
8324
3546
9882
7483
2780
6296
1973
7255
9958
8893
3326
5820
3638
1920
3736
8219
5522
2978
9842
3543
6965
3497
6961
6231
5770
6063
5066
7283
2405
3553
3168
9185
4676
3930
4855
995
2461
616
8836
6198
4710
4549
3017
9708
2674
5230
9075
6205
5433
5899
2715
9193
6542
4599
7368
7681
5720
9402
2323
4806
8025
5826
2630
8531
43
9469
3593
2214
2464
4552
6827
5307
506
8451
941
6244
1402
2535
9082
5702
6722
796
1731
7781
5637
3012
31
1801
4439
2319
464
265
1737
8754
4328
6405
5856
9440
2035
1719
4052
9139
2159
754
7813
3360
6975
586
2258
1110
4514
7447
4874
1608
9635
2861
624
1039
2438
3248
5818
3317
9565
4552
3865
8586
5822
340
6111
3528
1406
7087
4246
2397
2487
5708
4552
2899
3528
5943
7910
2318
827
7475
670
1442
7234
3287
7038
753
9053
2013
4576
1137
2681
458
7261
1331
1073
4258
5631
8864
3186
6759
9851
9833
2955
9721
3956
8157
456
223
8017
3434
485
4827
6821
3166
2802
3680
6782
7220
136
1692
6301
4734
8185
8238
5012
466
5968
162
6697
6209
4130
9389
9584
5006
7837
7665
2263
5507
2954
2196
775
3672
640
8295
5821
2643
9923
8422
4312
6356
8457
3327
2948
689
830
3455
3816
3697
8917
9199
5220
2694
7412
1716
3012
638
8432
163
5458
500
8113
6998
3092
7995
7589
319
4215
1055
1330
8311
9857
9386
423
523
2869
2430
1759
2524
151
7262
5804
7214
6872
3534
2573
255
3317
310
81
394
8701
5062
38
6150
389
5615
8483
9075
5559
8728
606
3258
624
9458
9891
3255
783
5921
189
2087
3490
5486
9513
7050
8634
9712
5542
8354
8378
5663
1312
7911
3537
1956
9676
6494
5111
6584
9617
4219
5963
9606
6027
6819
236
8867
494
656
9514
3507
8332
3018
4142
5227
4222
6241
637
5371
319
8055
8611
9651
868
8654
7879
343
1129
632
7142
1173
4313
7326
4514
5709
105
8923
2521
5233
6091
8241
6555
3932
2637
9184
7740
3571
5578
3177
4336
5947
1138
6099
6348
8386
4952
9404
2204
8536
4267
7091
1689
3289
4394
6359
6695
4829
2173
4810
8314
3614
3077
6837
7484
1225
4250
5312
1826
1221
6713
6461
4773
6664
8168
2843
7542
3743
1237
6110
2730
7383
1496
2933
8647
6594
7025
3962
522
7916
1991
7175
8687
8858
4252
4734
5334
2434
689
8653
5877
4196
6026
6179
173
2955
6718
2252
1761
2903
4849
1093
6532
734
7156
1609
450
4992
185
860
3176
2759
7813
2337
7241
8795
7073
1056
4614
1597
3088
6697
9133
7658
9404
7091
6662
4505
9712
7460
499
2212
4541
3059
3856
7744
1958
8032
8061
1521
6579
7572
6518
5840
4299
227
3971
9968
8797
5787
2819
2988
7908
7785
8292
4232
805
5891
1844
6758
8617
7958
548
7167
2672
3258
1150
1183
7457
112
2845
7937
4186
7577
4951
3879
7587
1614
6331
8513
4128
2522
8301
3421
125
1092
6440
2474
5030
112
6924
4928
5750
5802
3402
3020
3515
404
6955
7440
1618
4913
4694
2816
2936
3529
4807
8271
7858
5361
1539
9277
4156
6774
8553
4393
651
7714
6443
550
7115
8137
576
6145
5960
495
324
5271
1135
6819
3894
4826
3222
9275
9889
1760
3594
5088
3255
3587
9542
6088
4276
9014
5282
3216
849
8250
1699
1306
3071
5319
6318
4733
9554
3946
4327
7927
8338
5791
9808
8443
6038
9730
5756
1945
15
3970
528
3826
9393
3996
1770
5424
8997
8119
3057
753
997
5428
9731
8505
1337
3866
9374
1056
8688
7148
8476
6539
4244
696
4672
9289
3237
5992
9714
6386
3040
567
55
6002
4858
2366
4495
5207
3154
1640
3889
4051
3497
2106
5866
2955
484
1355
6619
179
3023
7583
1791
9447
8460
162
6162
2535
2335
4470
9652
3039
3326
9069
9317
3200
5973
1805
8543
7072
9508
2737
4400
5865
6921
7654
412
5752
1669
9345
318
4944
4629
6851
8054
623
4394
3079
7712
1579
8712
7939
4356
7051
7142
7839
775
606
985
9015
2177
4564
8893
9861
8214
8087
4082
2710
1737
1621
754
230
9740
8424
5795
7401
6187
3183
6923
4084
9766
1283
8153
6616
710
9945
555
6071
5418
3641
9620
3259
4521
2074
2383
1699
3666
7935
8640
8791
1821
3364
3358
6632
8843
6233
2414
206
2736
6638
8388
369
4678
6741
6027
7758
1352
6864
9827
7671
8482
882
2886
1250
5544
1450
6344
5017
9923
8993
4467
5467
1808
2920
4273
7111
7963
1447
8482
4953
8323
5808
3037
2730
2275
2825
1953
3269
6988
9334
6554
4605
7109
6053
1569
6078
6055
4330
3543
5720
6993
2324
6303
5932
6453
1396
185
9825
7670
6916
1585
6005
3333
7422
2145
8360
1069
158
7478
395
2579
4194
7005
8004
9301
6046
5623
8923
4337
9775
1425
579
661
1524
2490
8078
5202
2437
5889
4405
6162
2938
8477
5194
7312
6309
9960
7435
887
1907
513
4904
5449
4038
4475
5385
3269
731
3062
7354
8424
2197
6142
2738
8176
2105
2227
7874
1732
9913
845
5177
2928
6208
595
1346
654
3040
3292
1598
5780
4871
4303
1256
8855
2941
7999
1258
7026
2541
9363
5299
6590
4063
685
655
3168
4899
2162
2124
4422
3010
7063
65
2150
3181
6390
755
8433
4132
8079
7205
2798
4982
7838
5849
3511
6887
1936
6977
2175
4119
8090
3100
9662
7449
5040
1323
7801
8182
3180
2327
1861
2823
179
9551
1188
6083
6222
2246
1046
7392
2209
1427
8769
4568
8811
9758
6519
6560
7030
5366
6718
5124
6414
9167
1434
6517
2816
3193
4638
8324
1938
6375
4123
8540
1575
5412
3134
8611
5157
4886
5261
2099
549
3384
733
2335
5153
2135
1993
6248
6562
5627
4405
8199
3429
9362
7187
6737
5078
7719
3065
2533
399
9158
8729
182
6880
895
3026
226
2478
1961
9781
531
980
7483
2763
6769
8393
5755
5320
28
7881
8892
4934
236
3542
2090
6897
8898
5434
6124
6728
1015
1368
8559
4044
784
3649
8397
7369
8463
6005
8080
8605
7509
6682
1136
3595
9341
6462
2542
6155
4953
8732
8206
5459
2185
3083
7679
5208
5686
9411
1560
9470
9908
5113
6085
3131
3134
268
3308
5650
1691
3345
4821
438
838
8301
8774
1124
7918
896
2506
8824
3402
3697
855
5049
928
1986
4543
2099
2340
6155
790
9398
2190
8908
8543
8828
6409
7058
6958
981
4699
1249
4654
2047
7036
5172
5649
1334
4588
1306
7564
9580
8595
4365
9889
8073
5287
1054
5772
5604
1566
8428
2494
5897
2297
1323
202
349
8959
3490
7504
7323
8624
2846
8543
2135
8368
6246
8338
9345
4456
9246
8802
1690
3981
3181
5354
7003
4281
5750
8088
6771
9673
2602
5131
5375
3832
6871
2340
2684
5489
1572
6272
6708
3772
9346
3407
6398
5194
6399
4860
3912
3451
8159
9832
5861
2779
7254
7546
5599
2260
1335
9048
6419
3825
6980
2921
7856
3378
5809
9228
2272
8800
6935
3118
4163
8537
4964
2985
1844
9793
7971
9645
1853
1139
4052
3428
3652
8439
2870
7573
775
1648
3294
4286
46
9265
697
4322
796
6226
6488
3210
7492
9147
2662
436
8959
3213
2609
3127
2465
5904
9683
103
4691
3451
3778
7055
5788
1404
8846
1884
3529
6783
2409
2451
1226
1460
986
8016
4229
5123
5335
5793
4167
3791
2688
9787
3368
645
9251
336
6975
1334
1101
7880
3084
9952
5483
5183
8292
6830
1459
2678
6320
1167
6928
6399
2714
3946
2524
6305
5613
4745
6230
5479
2362
7449
1795
4635
2177
3915
9503
2602
6598
1983
944
9319
240
1031
480
5267
7415
3465
3993
5314
3528
6377
4877
2004
846
8360
5298
8495
4979
6760
3905
2079
9609
8459
9445
5461
7662
6934
3100
1524
7275
735
6016
9905
2986
7333
306
7317
1956
1985
1032
304
9763
3136
7887
438
2828
6548
1229
9645
2560
6911
5631
2397
7048
5998
2115
1270
1853
8939
4030
2326
1300
9029
7809
7680
6678
946
120
8786
9855
8392
3085
244
1097
7483
6133
4800
546
2902
7540
2914
2839
8563
9983
2412
6651
5632
9270
5306
8713
6617
2654
432
1848
2521
340
8130
4297
2502
2526
6920
2682
5047
1971
7334
1063
1221
2940
6272
9501
6506
7211
596
7755
1930
1467
9998
7876
379
8475
5516
4114
9197
2958
6617
8461
9878
7881
7600
8435
7944
4378
870
5612
9023
9277
3539
5119
2083
5719
9637
509
681
6396
4764
8399
4220
344
1120
4398
4749
5338
6203
6480
6139
844
2459
8751
2296
4455
495
3143
215
8908
8949
4051
1610
7439
0
185
1875
3324
8843
5238
42
5311
3248
6699
1794
9427
5362
2900
1748
5722
9775
3381
3906
7524
1497
573
126
1559
1477
9933
7397
646
3082
9340
5412
1878
8687
7260
4935
4863
4224
2181
8990
1177
905
9913
175
8984
8689
902
3109
5256
6082
2621
4715
1674
5322
4318
2880
8751
9413
9475
2443
1758
3269
1344
7270
5041
5186
7099
5383
3042
6951
1927
3831
5918
5558
8284
1251
1827
6220
8470
7383
9789
4759
3459
3343
7271
5766
3997
8143
9227
8961
2211
5131
5705
1435
5239
8706
4045
7008
1314
4177
5881
5663
4665
8970
2284
2052
7363
1173
8217
3913
1434
9074
6647
4589
9864
2632
1911
6115
1067
2652
5311
1752
499
1179
1247
3129
3663
9326
2404
2516
674
963
6088
7688
7602
7938
6649
9918
774
2909
2660
4124
8157
5654
9985
6273
2171
8431
5122
5436
5070
2297
1261
5213
8624
9285
780
4728
725
6193
4471
6455
5106
2858
2
8899
8781
3441
86
9539
9620
1971
8203
2809
5098
5471
8196
8596
2636
9109
5568
2555
864
2736
5586
985
6177
4560
4143
1779
9064
1676
2681
2717
3670
9519
9247
1537
7543
6259
3431
3208
297
8123
410
627
4468
4929
532
561
7773
1140
8923
9306
6307
7104
5299
951
9131
153
954
1748
1079
1771
9702
4967
2439
9128
5690
4867
864
8009
7749
6843
6655
6248
4013
9703
5485
5141
9224
7111
8137
2280
3862
7277
1775
432
8897
6756
5391
5638
7211
9095
3883
4388
7959
2648
485
1343
6513
61
862
6086
1117
4440
6806
569
1823
3459
9291
8039
3520
1719
7469
4533
4373
8928
4046
4777
1708
4741
3693
1405
1915
5745
7110
8273
118
4954
9433
1575
5260
219
1736
3805
7357
6376
2900
7679
1346
7853
7866
9208
7346
4241
8023
7975
3582
9693
4587
4110
1163
5936
3640
5325
2758
5551
3400
5818
6922
7486
2799
8412
9113
6511
7300
3024
85
2178
5809
9467
923
2475
7894
7814
1021
6003
2908
5678
8240
2021
1871
7077
7048
2828
6743
7797
439
1055
2390
4075
4415
7750
3280
35
4401
4811
2205
897
2055
2234
5543
4855
5284
1588
8590
3275
8482
6858
7793
4328
1483
9662
120
9354
4470
926
2593
6681
3720
4406
3955
7111
1654
6866
8866
4410
1059
7987
2578
8206
7953
6070
5120
1265
1701
3701
3861
925
4507
7507
8532
3165
7299
8454
5052
5136
3844
6554
5476
1309
4992
6458
504
9223
4677
6823
3944
7570
2655
9137
7541
4879
4999
5132
7317
3151
1514
5852
1228
1869
256
8431
6331
1638
6040
7676
9193
1777
4737
5207
4974
7846
4097
9987
1904
2792
9773
8739
2046
1320
4661
2198
2593
4461
5117
5115
5768
3479
6466
3159
766
9127
3287
8644
4290
6212
7241
7013
5476
6247
8643
9387
4304
8386
653
2446
2261
9332
4059
4593
5856
6158
9565
1974
6857
6884
8284
4707
7105
5616
4050
3276
1062
7193
285
1380
6371
806
6794
3594
5368
6976
9590
2884
6902
3564
6197
1082
6980
1221
9972
2741
6138
5584
2839
707
7537
7385
9186
663
7726
2549
9845
4098
6653
3559
6045
1812
144
8496
381
9879
5648
4316
6296
8200
3208
3782
3112
584
5705
5525
1872
7924
8977
3939
8053
7663
8206
4211
7819
594
2113
3173
2423
4356
1666
3781
1723
4264
2345
2120
4973
2369
5006
543
3868
9134
8346
8595
5708
6491
5528
3542
4335
1272
6198
7489
7913
2314
4373
9818
7782
5107
4345
2163
5215
855
635
2583
2103
2199
536
1988
712
5222
1916
4940
2722
3706
3835
5638
9146
2423
4409
5102
2340
7529
2188
6739
436
2223
7927
7987
5690
3509
598
7796
5097
5103
6622
5533
3881
8866
1441
6491
4580
1095
6139
5310
5199
3581
2033
3838
7723
3920
1134
9810
7705
2283
3255
7947
5568
5796
7757
5656
6837
3632
8352
3676
3814
6680
5228
3500
7380
9432
2642
1456
2248
7988
7854
946
2782
1700
1685
2541
2755
8448
1957
4728
4783
3043
1001
8235
2404
8906
1289
8285
5052
8627
5921
4238
4388
4317
6739
4198
2689
6516
5324
4206
6854
7490
1283
2419
7804
6952
5159
6828
9624
3239
7372
3933
1550
8175
7273
4478
3653
2715
8496
6652
1179
4177
6941
4157
4104
3124
6769
8511
3962
6987
8129
7803
7912
1434
3202
3471
5149
3974
1190
2641
710
220
3619
6173
2357
6880
2603
4870
4567
9263
7417
3464
755
7278
8043
8944
3220
6314
62
9227
4065
2402
9486
8942
6864
6951
7845
9152
9926
8882
9382
2299
2022
4930
9509
7662
7946
3053
8838
3527
7865
790
6329
2254
3986
6379
2850
2195
7325
6221
6067
3838
3308
8984
4192
6853
3852
958
8153
9813
6391
1851
5703
3449
4248
9295
8518
1628
7138
1438
8659
1399
4329
4868
4354
4659
4259
169
6925
3895
3900
1588
8469
5143
7321
4454
2816
2681
4780
1666
2810
2190
8563
4536
6356
1174
3383
3322
9435
4905
1742
7624
1753
2614
3902
7126
5911
4222
1791
9875
2196
5941
8546
7525
1166
624
9189
5046
1861
6745
1926
1514
9671
5567
5181
3281
1792
8653
2900
1703
7452
92
7819
9129
6355
7041
5682
3429
133
9169
9345
6947
4225
5543
3205
1694
4463
3071
2846
9543
8053
7415
5664
3181
6350
521
3027
796
7124
5427
7717
4438
2427
4032
1635
4298
4914
9878
2377
4959
9746
6445
1595
2612
2175
4600
3467
7519
3954
7220
5839
3116
1726
6696
9980
1890
6869
1866
3605
663
5576
2988
4070
7921
1240
5472
2015
2353
2888
1001
9239
9275
1104
5354
4696
2785
9903
1399
4059
8193
1630
8626
3796
5618
9618
9576
763
301
9912
6348
942
63
5036
5351
6252
4300
6523
2323
2473
7181
5504
5602
1751
3088
1405
7302
4403
4229
1051
3998
6090
530
4162
9240
2568
8378
6522
9757
6474
9179
7792
8778
4827
871
1485
5683
6665
3353
693
588
4588
1826
5455
8038
5167
6732
5311
6054
703
85
3929
7918
1533
8804
6317
165
7786
4012
6401
1156
8542
7347
900
9735
3758
5817
2820
6312
8532
6159
842
932
1873
8047
5192
9017
499
3075
15
6849
7215
9891
2179
6744
5958
8123
3687
5041
2533
7693
669
4075
953
8334
6023
7433
9219
157
6717
3179
5313
7417
6618
6585
8682
1654
5712
7358
5774
5217
6337
2392
9453
6797
7962
4303
4101
3385
3793
4981
2440
3734
4973
6902
1296
2034
9069
746
3560
6624
4906
8605
3017
4351
7883
2679
2988
2698
2242
1013
8152
5406
844
688
2104
2018
3833
5888
4297
2475
7779
1926
3358
4542
8591
7173
1880
9213
2361
6193
4414
4316
2300
5763
5096
4427
8128
5211
6381
7002
9160
8177
6748
5664
521
9973
6863
1478
1952
2548
8530
2429
408
1441
8140
1665
7619
6031
7509
8694
6292
4978
5199
8729
1256
4210
4781
7654
2305
394
7905
4615
2771
7427
8722
1632
9171
4416
3933
236
7660
7882
5122
6220
40
1017
2647
265
8561
5481
8786
6770
4861
6827
3557
5129
6059
7112
1702
5958
9434
1446
9147
281
2995
6948
4866
4714
5907
3322
5010
5913
4801
7401
8822
9186
6970
3455
8039
4667
8141
4984
2241
3346
5076
9104
9066
9003
9066
9573
3992
2102
3839
749
2543
669
2281
9162
663
8857
2403
9166
3082
9732
5325
1934
2423
8145
1270
694
3567
30
3932
3768
154
3637
5400
6000
3196
8391
6258
6443
2977
787
707
7051
3524
2207
6099
8418
2435
7774
7774
1878
9834
8678
4774
2536
8981
3522
1522
5538
4223
6219
8198
2980
123
7547
7300
7647
8303
4317
2757
8368
7419
3708
4374
8271
4527
3260
2438
2669
9057
2022
291
2238
2704
1209
2321
7262
2980
5968
5044
5474
6496
4550
2970
2936
2743
298
2022
3775
7564
353
9015
1278
6317
6635
4474
392
2668
1335
8443
4569
5154
5328
8000
2941
6164
7703
7989
9938
3007
8686
4886
8833
7084
7653
2209
4774
4541
9023
2711
1742
3311
8153
3996
6423
7366
9576
9178
5788
1462
3103
4888
1000
2366
9930
9174
7531
4887
6000
314
8621
6323
4019
2179
9263
9061
697
7332
6036
3328
2777
9998
5749
8736
7891
2604
5284
4027
6142
7062
4293
2498
3922
9988
4617
7025
623
4629
7634
7166
5399
5486
1587
4905
701
8927
3396
9764
2458
2912
2339
8408
7623
5955
6995
6167
143
8275
4650
7837
7413
3531
2739
3750
8766
672
5067
1828
6895
9868
9570
3852
6515
961
2443
9858
1085
6250
7657
3346
871
8673
6755
374
9862
2909
7524
1561
627
1448
452
5650
4243
6525
2660
2335
9603
9626
7770
7580
763
1235
493
463
9716
7842
9476
5912
1130
8925
371
2653
261
7504
2126
1286
3849
9544
7920
2790
5466
4483
2255
4531
6017
4850
6425
4533
9257
377
9618
6987
8942
409
6725
6148
3460
2527
731
1409
425
8075
3494
8026
3024
4201
4300
3423
3114
9871
5765
7502
3758
7204
8766
9649
5276
3672
5558
863
5247
4543
6019
8067
1761
334
3722
3664
4741
567
35
5560
457
2925
8118
613
708
2099
4423
1618
4786
7043
6730
804
991
8124
1232
6989
4178
101
2440
3133
5918
9496
3868
3528
4867
2686
2893
9388
2019
6668
8222
6696
3592
5688
7900
5197
1250
4936
6193
3701
1323
3386
9468
5877
744
7067
6666
7250
5265
7617
5818
167
1562
5780
5807
2478
6887
6577
6306
4392
1199
850
5260
5087
8551
39
8396
1249
8975
9437
4601
4496
2621
9280
3490
590
1895
6391
9091
6439
7918
6712
3613
1010
2230
5232
9800
3770
7922
1966
8141
2277
6280
7817
8591
3545
9384
9898
2635
777
6266
8701
6111
7988
4973
9805
5304
9832
161
3773
1674
5243
5761
863
9034
6169
5429
9464
4656
7581
4916
5223
9389
5802
5952
3120
2658
8496
352
5548
643
7716
224
3935
2948
7304
9979
2584
2726
4234
8883
2639
6745
2423
4330
6106
8304
1934
9514
9233
1091
4481
2432
3531
3601
6881
4203
3159
6597
9360
1048
2593
2676
2384
7708
3770
3271
274
5626
9935
3331
6990
7177
8970
7469
3149
23
9761
9113
952
4776
7242
3467
9085
7413
4327
9633
5509
1409
1799
3154
5328
191
5790
7691
412
4106
3861
7611
3427
4585
5009
1101
430
3295
9593
1714
6181
6673
1242
2126
2904
1258
7010
803
1347
7187
9268
1036
6365
5413
2666
8692
1977
139
6279
7011
4877
3514
1791
7960
1808
7610
124
9152
7744
2503
4323
1570
9442
2370
5117
6112
7673
3712
7388
5302
2060
7626
3002
6036
6668
1050
4084
8721
8508
9632
1582
9603
6945
3019
2578
7171
5790
9064
2903
4220
8489
3073
5528
4904
8938
8194
4634
675
467
4336
7445
1534
3923
2678
7199
7108
8343
625
758
9612
1565
5464
7303
6781
1399
7794
5500
8315
6584
1408
2879
8362
9698
3024
873
421
8123
6070
4977
7331
1180
8491
8795
1073
7736
7129
3754
6957
8600
6209
5476
8573
5881
9145
960
277
2163
9385
4506
2549
2866
65
8763
6608
2633
617
1021
9374
236
5997
8778
6771
3316
5608
7733
9109
3434
461
8156
4656
431
1172
4634
5809
4266
262
8170
4807
6804
1259
8249
4632
1377
5810
85
6554
6016
3893
4728
3239
429
7136
8455
4971
7395
3207
8649
5528
123
4698
3998
9069
5528
363
2090
5763
3146
5845
4743
1476
4773
6662
3450
5719
2490
220
1708
7703
6646
8339
7115
6035
8542
7791
8334
4321
762
1329
7837
2745
6659
9324
8476
9276
5794
534
8714
4805
6403
4401
9062
2234
9783
3539
3842
3344
5720
9603
1475
4874
6009
297
3093
6466
4200
4356
3592
8031
6706
264
6921
2344
7677
3593
710
6906
1224
4846
3899
5673
4306
204
4809
9872
4073
3428
7225
5898
3136
8319
9787
7570
6446
4187
7159
9637
8933
5137
1338
5088
5962
1134
2187
6121
7591
2523
7899
3797
9273
2816
2968
1972
6893
7295
4188
1880
9649
4277
3936
8139
9783
1584
8936
610
8373
9108
8695
398
9593
9294
6739
8712
8424
3151
797
1806
9948
906
7465
8820
8854
371
8089
3050
3363
8248
3661
1059
454
398
9633
2301
8797
4842
9334
9039
9660
2249
5587
6619
6030
9601
8600
8508
9293
9131
744
8442
4701
7152
3841
6588
1255
8724
7358
8668
3128
1575
5429
2126
9566
6954
189
2076
1400
7779
3275
4899
721
5488
3189
8703
6159
5207
4860
5999
5705
7659
6406
367
938
1593
609
3188
9865
6575
9092
9878
5389
7078
7649
5104
5376
9964
1263
9678
3484
8591
1170
3243
9430
6015
4496
1740
3219
7193
5396
1871
8392
8788
2392
5
3063
3705
6045
3243
6595
7904
766
3038
182
3266
2523
3015
7138
5667
7033
1589
3506
2503
9774
3342
6209
7401
8244
6136
5126
1954
8148
3803
8939
2798
7552
4470
7407
5509
954
76
5274
3094
9632
8135
5013
7177
4817
364
2619
4544
5920
1712
1201
9420
564
7474
617
9591
3407
4217
8955
3949
1911
783
3627
9752
9875
4489
8374
960
3622
1064
9513
5520
3164
1526
6527
2851
123
2937
8297
60
7192
3130
3948
6252
4769
5997
1383
1695
4888
1915
1567
8949
3567
491
4044
2685
350
8862
5061
3148
2081
3373
6541
1712
4141
4265
5611
1794
8738
5220
8104
6541
8652
5919
5942
6746
6631
5639
9143
8132
3348
3255
1717
4186
6815
838
2625
4423
5909
1099
176
479
4616
2252
6567
5680
8973
4418
6156
7422
6264
4703
9587
841
3402
8681
5639
3352
4610
8456
6007
784
2004
5248
2876
3283
5771
581
7568
9710
9235
5532
6208
8829
6496
387
1280
9928
4277
5801
7352
9103
2995
9726
9445
5590
6029
4277
1716
3199
4647
5029
4317
6834
448
6378
3805
2857
7526
405
4081
9675
9397
7357
6933
1062
9838
5794
5361
4629
3691
930
5846
7474
8998
6690
5233
418
3477
232
8140
1513
6272
7404
5557
2616
8495
5351
4134
6521
2803
755
8204
9059
5234
3689
2075
3044
6076
9471
4343
1219
1
868
8072
5740
2860
6711
9807
2406
9707
7702
5293
9266
8188
6778
9294
862
2971
1731
3692
7057
2086
5079
1764
1758
1983
9716
2646
5957
94
3902
1826
9237
3449
4740
9599
7324
7430
4494
9017
1194
1221
4218
9906
3377
9937
4590
8717
6829
2624
1441
9334
4685
7169
3832
801
1436
6172
7011
9440
4584
7170
3471
8884
6292
4048
9765
5165
4350
7454
74
4030
1096
5814
937
7900
6506
6377
3725
4463
9855
9811
2358
5369
3876
4072
4925
4370
9233
1946
4617
9625
8412
1734
2799
6351
9150
8197
605
1418
7466
4074
8179
2395
5578
8292
933
477
1113
5344
8386
1417
4125
6040
3805
6947
1024
7981
9879
5743
8184
7539
5793
6766
538
1214
3513
6988
3714
5300
7237
6478
2640
2046
5431
2505
5130
5379
1507
3549
5406
1707
6995
7441
679
3690
6416
8379
2739
3222
8311
9515
2812
941
4042
6339
3832
8343
1921
1012
6759
679
3262
2531
6688
5279
4408
2986
3206
1883
8517
3857
7364
3303
7148
2969
3084
8723
7816
2047
9867
6048
37
6192
1703
9306
3704
6360
8628
1164
5190
2879
6965
5424
8657
6013
2174
5752
7286
8388
1378
4530
3097
1773
5821
3304
1122
4157
1288
3504
8640
3960
730
9728
1900
4821
7673
3399
9975
6784
4400
9649
4099
8964
2790
7004
3633
2491
4847
4608
7719
7334
2030
6430
4489
4049
7073
2937
9258
7596
9940
2319
9299
2038
7245
2189
7128
1449
8239
3129
2734
3920
3179
6751
3039
3104
8455
2676
7086
3929
1741
6613
5096
6526
9487
8769
2141
1046
1021
6435
5536
8382
2386
1986
6563
3349
6646
6085
1925
670
3451
2037
9935
4960
4442
5844
9398
595
9643
2682
6465
9750
4133
125
4772
5203
8910
1881
8058
2280
7343
9506
4768
6313
8797
6791
9157
4746
6399
9979
9521
219
6357
1736
395
8989
7453
1567
9263
8053
5045
4261
8968
8073
7363
5439
3379
7311
4622
2504
6159
5359
4244
9146
1996
7114
834
6325
9391
8844
9276
346
2284
1914
5321
2992
4835
7646
7217
3893
6177
6299
1423
9361
964
1085
1638
8159
7331
7610
4561
9905
1214
2562
4187
9367
7580
7807
7608
2108
6607
4183
1664
2989
44
7343
6772
1252
365
2793
5764
9178
2846
8105
4685
6297
742
5211
2298
3040
4964
5583
7499
1875
7143
4254
7064
6087
7187
2429
6289
949
5273
3377
6338
6088
4111
7245
2919
1753
3882
1609
7041
7382
2814
8148
1603
7010
7427
3264
1689
3989
9302
3237
5844
460
3176
4429
3629
6094
2227
4162
5997
7154
4711
8812
6291
9277
1538
8749
4661
9944
9097
2111
8608
4862
473
3650
7013
7049
5472
2739
9171
2998
2063
7272
9449
5148
8762
1744
1021
2540
5613
6414
3915
293
7249
2032
7689
9656
4697
8749
8657
5519
138
2547
7175
2657
2130
9299
4287
2825
6767
290
6468
6739
3505
5242
5181
3510
3140
4647
8928
2192
7069
9602
9152
7428
6066
5411
9067
9638
2353
8208
6885
6702
6876
6475
7537
3271
2188
5079
7203
9881
1295
8502
8472
8888
6428
2
5657
6742
230
743
1083
6528
9498
7763
1653
4306
9018
495
9364
3556
5184
9572
4934
8719
1741
2768
6406
7753
9731
139
9122
3995
8191
5096
3065
8903
2782
169
3275
710
3107
619
5479
9550
7711
683
2235
9058
3733
5208
1564
7657
867
9956
3088
5949
1839
6053
1350
6911
6372
6
3195
1349
7428
9267
3451
1528
9202
4145
6819
3855
4612
1872
8174
4419
9523
9629
3610
2960
8080
5545
138
5206
5628
4572
2466
3001
671
7969
3532
6254
1207
6592
2342
6646
3680
1058
279
2368
3794
6713
9764
9268
2286
5724
2698
670
8050
551
2121
4769
6930
4970
9788
1378
9910
3302
6753
8725
9814
377
8825
2129
8618
1587
3557
6515
1391
7968
5673
6178
3204
9031
2580
907
42
8066
6180
9779
6195
5784
7726
2371
2592
6714
509
1579
4398
6896
5361
3876
1687
457
105
8969
4931
2435
828
4582
7992
5571
8595
6875
5539
9725
1518
6358
9884
2883
9374
4668
9849
4056
6758
4523
9324
1474
9770
2680
5076
9707
4739
1146
6172
7295
3229
1431
4530
1907
71
868
2394
4137
3923
4735
1275
6108
5352
7871
8506
3314
7722
7884
1275
7698
9176
3581
3902
9709
4803
1781
9864
6934
1556
8529
1230
4235
6612
9480
8192
9131
9747
5617
7568
6479
2328
4302
217
9583
6478
1951
3430
8874
5372
2350
7004
7126
8548
2751
5671
3183
7534
6842
1970
5715
2231
7647
6741
1434
577
6696
1388
4111
1307
4379
5191
4552
7002
4166
1774
227
1995
863
4746
9936
3295
2310
368
211
4831
7166
9087
6827
1806
6639
9315
9545
679
323
6822
7766
7378
5823
4899
5987
8744
3554
8860
6708
288
8233
5131
6679
9830
481
3829
464
6716
4538
7887
4603
9901
8346
7954
9641
2938
1897
646
7247
1632
949
9657
2327
737
5975
5878
5824
9665
1469
5156
7676
8146
4651
5845
1780
3225
923
757
6383
9991
6650
1833
8174
9868
4177
1198
6542
9241
4178
3885
5100
690
7515
4903
592
2897
7121
645
1700
4679
7288
7685
1337
5713
3936
3100
8628
1197
6369
8602
8893
1116
6490
2560
9652
4912
5101
8154
2073
935
6970
7780
1927
5352
9948
4137
2282
6956
2843
827
4671
4162
9336
880
5815
1703
1470
8002
1154
1452
6935
5745
6669
5529
7233
6804
3054
4990
3486
9454
8387
6962
7991
4710
3998
1215
7308
6389
8412
5791
3102
5497
3884
1043
4013
9416
7764
2931
6692
2502
8593
2994
9575
4190
924
5675
103
6621
7112
2603
840
2723
1719
314
1799
3434
7371
8555
5681
468
9772
9728
2570
9057
6562
602
5175
7736
7443
8140
9895
2155
426
3538
1631
623
4796
1461
3807
4276
1389
1540
5063
293
8068
1002
4417
6323
1080
4666
8587
7104
1836
1015
2892
2284
155
3002
6456
6044
2125
5211
3917
8924
8652
2089
7295
2586
7800
875
3413
2896
7383
2608
3829
869
5356
5403
3793
438
1194
8124
8728
632
1562
6145
4269
640
9122
9691
3407
4313
3777
4565
9045
1134
5516
197
3906
8452
5837
6588
1017
9218
9109
223
566
1241
7883
1838
8726
7084
9513
6216
4086
7950
8259
4593
2828
443
5373
4663
5203
7846
6289
8556
880
7977
7497
267
8422
5762
9050
6585
8924
5297
8072
6261
4028
7349
5279
9460
5466
1624
2091
9224
4588
3
8883
6693
8760
2241
4436
3836
1229
7683
7145
8690
1416
3308
1283
1076
6486
2899
4419
2459
1376
6164
3828
7911
8270
5973
1845
2109
7274
891
2437
8277
1001
3685
4447
3616
8190
8962
2683
1199
6826
5734
6393
4538
98
5247
1666
3322
1220
169
3146
7748
4062
3876
5107
9814
4800
1369
7189
6802
4862
888
9373
9804
3233
4405
5745
2922
1309
3926
1189
9903
3073
6443
5999
7607
1673
5967
8109
8565
3800
8721
8380
9572
1224
5170
5936
5317
1517
2011
8407
1222
8098
2281
9177
7710
9286
6291
5484
8568
2549
7287
5249
5013
1911
4465
7069
4711
6213
3575
5393
1966
7348
7791
6859
4221
8559
7005
3338
4600
1635
9382
5097
6228
6624
8298
8968
9502
6310
4751
1681
6407
6572
4063
8693
1378
4430
4262
4342
7348
9544
244
4686
7850
271
9595
8957
5005
5839
5674
8578
6540
278
3033
7110
1818
7544
9613
3955
7995
9535
9444
7056
9317
6728
4406
7913
1290
1499
7716
6161
5098
4503
6858
7997
3073
5696
6137
4189
6509
4301
6442
3147
1323
8956
6133
8536
9918
3267
2220
2952
717
5486
8553
7930
4856
8748
2707
2885
2360
8661
5888
8952
3928
1376
1745
2022
3037
8637
5808
7388
9266
9874
3280
8310
2292
4506
1009
3663
1605
893
4029
5013
6013
1084
3431
5942
8042
4298
2520
1062
5195
6167
8539
6595
3418
1317
9623
4320
7356
2833
3366
9139
5085
3794
9932
3854
2396
1202
840
5967
3267
5599
1024
20
5861
3485
3958
188
8138
9725
1001
4137
6328
6796
9477
6595
604
7991
8829
7116
4822
5011
5497
3205
1119
294
4211
9357
2211
6944
7944
5904
4913
4483
2812
2114
1391
6218
6391
6143
1845
3303
1695
9551
3599
2485
610
6215
6763
4690
236
5820
1677
1045
4215
2947
2581
611
9233
5222
7454
3866
5486
1395
3997
7194
6463
6718
109
7505
6784
1833
9499
3077
1767
4534
1847
2188
3609
5735
6166
8491
8795
974
3929
4897
8960
4883
6612
6213
3432
1027
1472
936
8571
3989
7764
3594
9879
4571
4843
4268
5854
1663
9505
83
1996
3765
1679
5512
4844
7957
6697
7135
9835
123
3976
6901
1744
5146
2256
3876
7167
8257
8906
8604
9287
1597
3668
4400
3512
7270
8638
4741
715
7494
4963
6838
7844
5
5165
8644
895
3149
3245
8154
2
3359
8916
5489
8176
7491
2823
3989
5480
3713
6947
9218
1040
5766
1719
2878
2509
2781
8780
8600
3791
3729
4280
7153
7323
9628
7374
3512
2594
1351
928
1600
1247
9306
6674
6527
3023
6972
2898
8858
415
3350
1929
7072
4224
3340
3834
2497
8393
5457
1080
9616
2196
3937
7790
1836
4825
931
386
6748
9924
65
1255
5015
3595
8053
7732
3974
4050
1188
3014
8881
4253
7804
9340
1750
8402
6934
4491
2064
4613
8812
62
1937
9422
6354
7734
9163
2198
1986
2025
9211
9245
3175
2099
2296
7303
3755
6633
2649
9407
2429
4991
3600
9036
4725
7228
9242
6741
626
9450
5059
6084
2738
4311
9325
1512
1773
611
7176
3845
2162
2677
6463
6068
1565
54
973
2404
974
1082
4795
4102
2753
3206
8944
7042
3680
5532
199
1569
5954
1483
3042
7951
4132
6642
1476
1961
9071
3124
5845
6072
1233
4644
8737
6766
9119
6850
8336
3607
3864
1791
6925
4582
8285
2862
7217
5855
3388
6135
5064
1593
1918
5911
129
41
1189
9044
8300
9578
1173
1135
2596
507
3019
7223
7750
6851
5033
5677
5757
6484
5279
7535
6832
2011
21
6650
3279
4990
4495
689
7283
828
3448
4878
5550
4725
6356
5390
6101
616
5880
297
4626
3460
4972
3795
6511
9917
8732
3351
3292
8518
10
1797
3785
9453
3010
8075
7752
6480
3572
6599
1745
7989
3995
3702
9587
5232
3975
3208
9268
3901
3364
5396
9977
9330
3255
3658
5041
4252
1089
4134
8480
4203
4748
3343
2812
8062
3162
445
2708
8153
4031
2752
9126
7091
2330
6237
5938
2237
4795
7010
8556
7381
8022
8681
6932
2730
838
184
3573
7913
3234
9313
9680
4865
9812
4579
8721
9844
8915
1112
8779
2043
1825
8258
3707
2379
848
8857
8710
8958
8711
5381
3883
936
3417
7711
7369
9759
2191
2690
3825
6411
9894
8686
9952
2235
3605
9830
5470
8708
8944
3383
5273
7664
2051
5837
6770
7870
3849
9877
542
3305
8145
1148
486
1460
2261
3669
188
9488
4753
6233
3275
9962
9412
3532
9368
8255
6431
2559
3397
9433
7225
763
5577
2599
9606
6285
5371
9512
9256
152
1082
6812
5775
1808
6579
7136
5345
4114
2808
6320
7443
1189
7466
1928
6517
885
989
6802
9466
3248
2002
7625
6896
405
7313
9128
5102
7874
6331
2390
3074
3528
184
9074
4028
7432
7396
7612
9838
217
9668
2091
3250
1567
8345
2515
9563
336
7645
4279
7483
9833
7778
1897
3638
1355
2799
6529
6213
5858
1168
4143
454
9154
7504
8859
2795
3821
5620
5540
4836
7843
2643
5676
4939
8802
8689
8931
2197
2304
2403
1801
1650
2166
5763
7866
9964
4156
9648
9835
3574
8499
546
7087
5705
4272
132
6833
52
3810
948
5041
4744
946
4481
7843
7801
6901
3212
3085
8315
7437
8085
1309
5055
2645
753
7524
1542
6147
7410
9415
4824
9377
6600
7175
1211
3577
6018
8999
7386
437
1594
8769
8668
6010
7683
2364
3981
6232
4691
4950
2633
8948
4993
1142
1618
7289
5015
7567
3208
5107
7545
6458
610
2897
5532
1185
1274
2604
6734
6021
3841
5459
8323
7438
1001
8048
4368
6178
6018
3566
7839
3662
9046
9170
4261
2173
594
5102
7815
5529
5556
8387
4063
6863
5808
3711
6087
6129
8296
516
2983
5600
2701
4687
5532
2635
3607
9090
1511
4743
4969
350
2667
6430
8437
6847
5115
9351
8682
9331
1416
7025
3407
2058
7355
6288
8298
1774
5094
2196
1028
5616
3564
1173
245
9251
6734
2312
5359
3073
5679
8849
5519
2279
1115
5151
4687
7088
6993
8006
6189
9605
3393
9591
5220
7942
5263
8937
9565
5118
8522
7458
169
1534
9199
5962
6367
1117
3550
6358
3657
3106
2161
1181
6586
795
7040
7046
9765
4791
3579
4785
1522
1318
9400
2683
3494
3796
8189
4929
2565
6462
9819
2103
1725
3800
1440
5110
3490
7584
3357
4420
4602
3125
6457
9764
8388
2674
4074
9543
2008
8911
7088
568
2227
6869
3616
9995
2843
9757
4593
3997
933
2152
6640
368
845
1575
2709
2906
5988
7226
1160
849
55
7925
3217
4508
3684
8281
5005
5389
8925
7109
1195
284
6698
5038
9993
982
3002
1885
4249
9045
6559
9371
5198
1817
1839
5937
5634
4505
129
8410
7097
1901
4421
1451
1343
1753
6085
2692
2841
7113
7786
8966
5347
2062
3559
3764
5043
418
9653
3698
3931
421
2002
2766
5932
2382
7091
6046
5401
3115
1964
7563
17
3621
9570
1265
8263
5869
8349
746
9300
4069
1615
1517
8771
6985
5667
7360
1020
2220
3167
9573
5726
7631
9598
3980
8437
6087
5371
6363
8031
6647
6074
8590
8982
9502
9896
4077
2855
7646
7920
6441
4613
4314
6011
6041
5363
7015
3341
2693
8272
78
1355
7486
4713
1031
9769
9359
4221
7177
5672
1586
4240
3868
7440
8999
7309
1126
8967
1916
9793
9779
4803
6760
8804
6135
2918
6806
7115
4940
505
7920
746
8994
3522
118
5126
125
4837
4388
8419
6903
157
2786
1127
9916
645
4378
5138
4752
3950
7025
4565
5811
9824
162
6576
7589
5159
3394
7935
3793
1951
1604
488
9263
7486
8212
9896
4194
6308
2646
9773
9509
2289
3593
6644
771
7277
1168
3005
3649
6719
8667
5235
135
4054
4260
7950
9736
5757
2842
9813
8059
7143
6364
828
5434
844
3378
6021
3819
5432
8543
7878
6236
6368
2311
1281
7131
5301
8804
5519
5780
1667
6318
1752
1844
3870
9661
8700
8928
4760
8120
1116
5228
7017
135
5497
3343
7585
9135
9209
8281
3705
6724
2547
5810
2023
5325
6823
2192
9080
9250
8764
9329
9596
5842
4318
2554
7571
3964
5004
2383
2438
4569
7671
866
7655
8927
1228
6913
3607
7083
3691
4316
3459
8846
6777
7776
3545
8185
2065
9427
9353
3648
4565
8423
8744
1812
6294
8574
1520
6710
9869
304
8829
700
4011
6925
4456
685
1122
2606
7350
6268
3471
7815
7882
4004
8673
847
3327
41
4959
6502
6013
2887
1770
156
4363
8398
3401
7079
2958
9968
8857
1597
4200
8012
1499
4497
2431
6950
3601
5414
3028
2773
15
7211
4846
2168
9536
9032
5680
9207
4290
4103
1495
4705
2226
8043
6409
4004
6236
7144
2093
7111
8357
935
4130
7160
7437
2770
6354
5666
2854
1798
9090
3949
9032
6697
6462
2426
874
1053
213
2058
8018
989
5692
8315
7536
3644
9495
6191
7754
7630
5077
2985
9470
5527
7810
8575
9344
84
9088
8384
6224
2917
8661
2024
7507
3637
8905
9216
7823
6458
4011
6919
3233
2294
3813
3768
5701
7700
2507
4445
2386
7610
7667
7119
5821
7273
9130
1825
6665
7312
2023
7489
2359
6303
8492
9888
9464
2225
5364
1635
6349
3960
6684
1870
7887
4013
8507
8572
6638
9010
7297
9716
6489
1486
7082
9889
5735
8920
4505
8429
3079
9390
3554
5619
5212
4181
4495
847
8045
6425
7094
2408
1587
4799
8082
1824
774
6831
2216
3855
6654
3838
5503
8089
2788
2802
5237
3595
1142
6828
592
7956
807
7201
8461
6857
6824
4710
5107
1185
36
8301
1136
6799
2292
468
6743
9335
2610
6719
9297
9902
117
2693
3458
1594
3181
4253
9353
312
379
6520
1053
9138
3526
6311
3444
1066
2223
7342
9006
2503
4132
8414
1499
8608
5273
509
3588
8243
2192
6070
3262
6760
7803
7370
3870
7569
6557
9393
4117
3412
9834
8818
6994
7104
5144
6974
3283
7879
1748
5148
5705
3856
7109
7751
9698
8630
3126
2561
9922
9406
4693
9171
1228
9175
9630
6678
7531
5711
343
9838
6740
7739
6137
7546
5918
5037
415
9218
6374
4372
1063
5452
4499
1317
2119
2423
5277
5754
4368
20
63
9432
5520
8392
8408
1040
3588
4120
4374
8898
1735
1907
1920
5587
9080
2458
638
8058
483
530
5801
8483
6035
9619
8748
3933
8715
1711
8663
157
6047
3299
4693
9176
4317
9727
4691
1568
9597
190
732
7463
7090
2757
9644
1802
6361
2911
1415
9367
5633
938
2733
6241
7848
4962
7743
7776
8353
2362
7736
6258
4992
3637
7050
4178
2647
5547
2504
4645
1195
2226
3784
2569
9132
1481
1813
5913
6077
6969
8296
1310
1477
5169
1942
8327
6860
93
1001
7430
1202
7481
3970
3164
8251
5281
7824
9129
8458
8454
1750
7787
9990
7969
9851
7334
8690
4155
1198
2139
9317
2900
1538
2621
7224
1540
1833
6309
9784
620
8896
8969
2564
8286
3100
2530
7114
5019
5786
4037
8852
5278
3168
5515
2283
6447
8876
145
5096
942
4174
7871
9717
7085
5662
5652
5093
2015
3795
9810
1429
1319
6481
4213
5381
7891
2148
6219
8630
1567
553
827
3463
6485
1110
866
7995
3698
8878
6878
9796
2390
3500
5631
3897
6731
9221
7431
1527
4921
672
5918
4058
3338
275
5392
6650
8573
691
6962
3461
6166
1968
5040
7699
8277
9092
7747
5126
8753
2574
5946
9368
8661
1090
3869
1030
3729
5046
938
442
3907
7267
872
2468
4219
6413
3698
2069
6839
1900
2799
6518
5836
2413
8601
1211
6649
386
8123
5279
7656
9052
4901
7384
3067
2468
5747
5601
8072
9544
8751
1056
1145
3032
2380
7866
637
1412
1361
5870
503
890
4748
2924
1816
7895
5977
15
6747
1283
9291
300
1134
2724
7689
6589
1926
4019
780
7841
7188
2145
4899
5580
4744
9985
5613
3341
9069
4799
5742
4831
7154
3606
5308
1434
2833
1876
7391
3139
7317
4429
2592
7333
3529
2679
4643
565
710
2953
4897
3311
5521
6500
8125
7690
5808
2057
8726
5630
8962
5241
2912
3809
3526
9625
9976
9937
2892
7579
5625
6603
7977
9505
8088
1613
7272
7790
5241
4813
188
6734
9311
3952
3903
961
9077
1304
6288
5102
283
2302
5085
3948
9143
3416
4442
9351
3390
9949
9012
8475
4301
3897
8553
8088
509
284
4996
7154
3206
2915
1985
874
2719
9774
6149
5788
5428
6708
4513
6442
138
84
290
9598
3281
6814
2166
6206
1663
2751
9669
5021
7252
1043
5876
1998
5468
5190
4675
9010
8017
4841
725
6231
9104
5481
5856
3803
9515
9504
2435
4704
1757
6548
416
5097
7149
5241
4296
2290
6681
942
9118
5141
884
8756
8715
5588
5990
9633
647
8618
5536
9713
9731
5553
8849
1096
3007
9725
2842
1682
8395
5507
2853
8427
3843
7416
1278
165
2018
3789
1153
272
8600
8686
5187
6910
4970
8529
4912
5454
5336
5924
4179
7491
3613
6293
9787
9626
9501
1906
2216
9917
8793
6408
4129
4980
878
6708
5784
5577
6773
5579
3122
3318
9594
9724
4860
9603
6174
710
4201
9800
315
4474
8733
4531
6776
2908
4000
5553
8086
9538
4683
3423
4743
9634
2672
6775
9904
9934
3984
7426
9756
9990
8072
2449
6126
5340
9903
9484
4697
2875
3291
669
156
2527
8682
6335
5515
2840
3781
3581
9583
6501
1519
1648
2648
4435
3655
314
148
5550
6611
8007
8554
1291
7888
8106
2432
8989
5016
6178
3759
2149
8622
2442
9827
7030
1585
955
4244
3320
7810
4801
7818
1994
6985
5514
1927
9210
5850
7863
3847
4988
6355
2190
9904
737
8673
950
2535
2831
5738
5101
1278
6498
5781
4198
6660
4526
8617
9420
3732
721
4555
73
8084
7127
671
9988
3441
9805
4430
4218
218
1164
1182
574
8627
9820
2311
6963
2378
3095
8455
3124
7074
4745
5053
7532
8398
4738
7343
5322
6673
6110
2687
3262
1431
8333
8537
1529
5542
4616
3708
6114
5958
8286
5481
5256
8067
881
4288
1274
5975
5787
5941
4583
2456
5934
2017
4297
1297
1453
8938
3092
6622
328
676
3533
4221
6720
8473
8508
8473
1199
1630
6652
3060
4788
2757
9619
4732
4327
2645
4319
3110
8821
1189
191
8950
1662
6967
7794
4167
7151
2029
7382
734
9972
8271
3673
896
2555
6429
6747
6730
9018
9737
9792
9916
3820
162
5748
9830
5263
5634
9541
9495
3740
4838
1501
7228
9886
2716
7093
6040
2852
2268
9857
9790
343
8390
5619
1672
5879
3700
9087
560
9009
3197
7576
2361
4886
5663
418
3093
9645
1292
136
6610
5696
5411
943
509
7742
1243
9346
5726
3800
9981
3473
6484
5285
2499
3228
8206
8665
7313
280
8
6186
3561
2259
474
5594
871
7865
1875
9812
9570
5708
4009
6234
8455
6677
6715
3194
1972
8085
2881
9949
9102
7132
4370
2854
7342
1830
5184
7550
2387
8699
8086
5320
3235
5884
2868
3764
4844
2087
2077
8946
9583
3297
4859
500
4818
42
1827
6147
1351
7698
8456
2080
9976
5484
9526
1361
5009
8046
5342
3429
2115
7401
9286
5884
9299
7940
2383
5924
9183
3486
3190
9379
1281
5279
7028
4504
7274
8143
6523
9026
7737
1706
6567
1217
1000
7422
2112
5484
8863
1049
2276
8488
8852
9224
3866
8816
9687
4301
9328
7120
4628
9905
8350
7073
3772
9312
2614
1696
3287
6150
4029
8956
8635
4498
7094
7073
6969
3145
3757
6905
3750
6391
1510
3624
3024
1689
7391
4658
8723
635
9318
3263
3872
1733
3212
4352
1474
1604
9476
2544
1161
9472
6717
4983
5175
2368
774
3424
5673
4309
9701
5840
1962
481
3864
9943
822
5940
1811
4348
3264
33
8192
7262
2117
208
6444
9945
7957
2601
6318
511
3450
4987
1649
4861
3797
6941
9172
1074
1897
2813
941
9521
8358
7167
7625
7714
7134
1191
2693
7359
4861
3690
3261
6086
3740
2337
6467
652
3176
2961
4391
7133
2299
4259
3970
5928
8394
7276
7485
3347
5753
5840
9955
7085
5219
2844
1928
6974
9853
9657
9213
9542
9763
4728
3138
8192
5021
6583
4721
2421
7311
7588
2412
4802
1330
3529
4125
5939
6484
7763
2828
5950
5870
5288
4976
6834
1234
3087
6747
2465
7701
3325
2483
984
6743
7086
3429
1167
2033
1647
4098
2051
3710
2690
2699
9506
3317
3302
2798
2241
8109
6392
3152
519
8959
8352
8480
2375
4865
9814
1215
6988
7494
2251
7212
9236
963
5581
9983
5607
9363
1532
8784
2107
7012
4242
5654
4716
186
8125
1513
8119
3558
5856
5573
2309
4284
4153
3161
3695
329
8585
5317
9117
739
9515
3434
6542
2915
2467
108
3570
316
7706
4455
8323
8869
4608
6371
6431
240
5716
9876
7086
9484
1371
5287
7873
6853
7124
868
8246
7783
3036
3717
584
9782
9014
3091
9372
2670
5328
4108
1816
2244
9710
1463
9405
6694
4221
8025
7033
4336
9573
3877
6251
6803
1171
9399
9687
3163
7453
2159
8789
9740
5326
8083
1670
3353
4423
61
2726
5172
8112
5909
698
2915
6863
7614
7697
6602
2055
4632
9137
6317
1248
4196
833
1096
2177
3105
4941
5458
6808
7187
8932
9139
6317
3101
706
8268
7967
3532
3082
5589
5626
5801
8047
1375
5315
6657
4692
6005
3015
5967
4058
9803
8693
5127
7951
3715
915
747
5485
1296
1535
4812
6975
7415
6028
8733
5198
6024
3321
3519
1611
3775
7360
6644
3153
4776
2690
6402
9948
4850
7770
4986
1636
343
6240
5199
5578
4721
1544
8591
2960
9094
4371
8569
6517
5802
242
8584
2417
3436
2696
3052
6926
2128
3661
1502
8310
3858
1305
7196
8349
8413
2291
5933
1490
4315
9067
2552
3607
8846
9510
7141
2001
1940
1671
1173
329
215
5130
6472
4329
4776
5320
4931
196
4971
1252
8768
6643
2999
6009
4719
542
4945
8946
1128
695
5571
8734
1243
4475
7229
49
2655
4239
5478
6161
7855
8619
5724
4776
7688
5884
2389
2324
28
2360
7466
4943
3196
9375
8481
4646
5918
8012
790
3706
974
6096
3261
1494
50
6377
6300
4151
6718
8778
5580
9737
9613
311
4398
8124
6059
2439
3938
5700
8822
3959
6699
3153
8721
5171
835
2076
934
4784
5906
7242
562
7543
4630
7842
4100
6210
2726
8735
5585
7249
8949
8525
3392
2850
1306
9878
2394
6180
2836
6581
8351
7000
6765
4522
7334
5243
187
8921
2880
4050
1086
9986
306
4654
4368
4020
4924
8335
8478
9260
5302
8748
386
5482
2959
6232
4058
8363
6699
8002
6757
5261
3562
7123
7526
5776
1261
2728
2610
27
1269
5376
6290
2618
1445
8957
2474
1610
4893
6258
1919
6491
1056
5983
1057
2273
6326
5143
2183
9979
851
1776
6340
118
2555
167
4144
4496
1426
4377
4385
4938
9216
8560
624
8336
2068
5617
3650
3002
1070
5410
7792
3111
5503
9748
8531
2481
2346
1255
4371
8581
374
6705
4797
3134
4746
7303
8167
6329
5595
3328
1584
5120
7927
7619
9587
9506
9592
8938
7894
846
1991
2687
4452
1582
6593
7220
2290
9911
2878
335
6306
2264
6100
2207
4463
2677
3774
546
3071
2688
1926
6321
3253
1811
3292
213
5668
403
3781
4076
5435
2004
5789
9679
4946
6284
3136
9182
4348
2612
3380
5762
2208
5965
9079
3630
4080
9041
6282
6585
6562
4771
8176
3728
1004
6478
6511
9756
4353
7857
5906
1489
2439
9126
990
8202
1030
9060
8636
9421
1434
3323
789
6055
6075
6708
7367
3169
8758
3369
7604
5751
4879
4599
5276
5076
3884
7585
5177
3884
302
6150
4662
2945
4677
6316
7441
2609
5742
9818
1889
7651
3863
1155
7811
2906
8284
9418
3712
15
3395
4879
9921
3663
6808
2750
983
715
5200
9372
8783
470
5148
4876
9614
3379
7686
4500
1963
9798
2986
3795
6401
9355
52
6087
1821
5454
8363
7730
8319
6971
4180
240
9647
3408
7519
189
7301
7409
9537
301
3227
7176
9706
5546
9458
9011
2312
7805
4394
738
9201
2604
970
8089
5864
1692
3380
9235
5000
2734
7337
4314
8767
1446
5110
613
4090
4709
1541
9979
5732
7383
9710
2929
4999
526
5453
8611
1331
545
6035
2326
3809
5307
4637
3797
9707
7941
1568
8925
6647
9762
8185
387
7812
9629
9959
8367
1693
1116
5070
6255
7303
9077
5814
1547
9061
7484
1845
9032
7746
1750
6713
4455
486
1830
7899
37
9140
2258
6319
6206
1992
3736
3621
6078
4520
6788
3601
3366
3574
7832
3515
3825
3086
6852
1052
901
1846
923
5425
115
3252
6374
1574
3404
4822
166
9796
9517
8108
6302
3940
1305
7800
5528
14
9110
5696
6823
9685
3783
1511
6272
4409
9450
2127
9179
3000
8015
7996
218
6582
4245
5315
3432
5533
2455
2637
1928
3588
264
4172
3662
6057
8671
4446
3454
7330
2074
8376
4488
9303
1230
3210
7620
8899
726
8814
7527
5641
4151
1934
8805
3186
2966
3934
4489
342
654
2277
1724
1083
2212
6818
5380
8990
223
1458
9453
9172
7149
3836
926
1642
8341
9372
6686
7290
2700
3887
1426
3157
5264
1694
2652
8414
1428
1034
4728
3683
4049
2965
8397
1089
7232
3604
5027
7129
4254
1987
780
2131
766
1887
5354
7809
126
1555
2966
2436
2980
8950
6817
2913
6460
8302
8590
3505
3941
4928
8477
6238
7223
3047
5483
6021
4189
164
7045
2322
7136
2796
436
8727
6801
6570
9983
6978
1359
3226
4024
7410
5541
7517
7698
6338
3684
9795
3667
5479
113
6465
8143
2296
695
7275
7354
5777
2179
9606
1623
7894
6101
9801
5677
8
8922
3851
2960
1949
444
4864
6595
581
3520
9506
1695
4630
3748
7191
3016
3891
8727
6730
6369
394
735
3993
5863
8298
3912
5866
7654
9533
3050
5294
1205
5112
1001
4381
9273
204
456
9935
2710
3966
9208
5658
2193
6453
8126
3000
7068
838
458
2101
5564
5900
3401
6270
7075
709
7413
2044
4258
2260
9062
3053
2573
5716
5013
1360
