-1844
-5942
-9653
-7477
-9198
-5256
-4319
-3578
-4076
-4509
-5698
-2392
-6871
-1177
-3924
-1329
-5723
-3354
-7401
-6537
-7537
-7285
-6914
-5981
-6954
-4884
-9877
-1398
-705
-8683
-2625
-3457
-6494
-7277
-2142
-9275
-6809
-8067
-8198
-6637
-1717
-9286
-4855
-5755
-2713
-6449
-8116
-9516
-5102
-2408
-3343
-3241
-4186
-6166
-6871
-1335
-3359
-3034
-2689
-6932
-6611
-7248
-2009
-1474
-1855
-6432
-1494
-1845
-4807
-3928
-8607
-5388
-460
-5160
-2608
-8289
-8307
-5585
-7963
-6849
-5939
-5933
-3167
-5787
-7458
-605
-7273
-5689
-8541
-8774
-1598
-3120
-9882
-3594
-3972
-4616
-6638
-9526
-7764
-667
-702
-3807
-9985
-463
-2983
-9739
-86
-8417
-7420
-6945
-2961
-1111
-9460
-3761
-881
-5653
-5791
-2626
-1089
-8555
-5148
-7039
-835
-9075
-8829
-3519
-1227
-397
-117
-2871
-9985
-455
-8328
-6320
-8293
-9181
-6367
-5288
-7392
-2101
-1214
-3770
-6271
-4007
-6823
-9757
-5006
-4623
-8411
-7438
-8343
-7828
-7460
-4029
-9144
-8677
-851
-4937
-3542
-247
-9803
-9579
-628
-4527
-9531
-4963
-386
-1087
-2093
-9173
-3606
-1139
-3328
-4179
-9804
-6697
-6357
-6280
-270
-2019
-9788
-4055
-7186
-6397
-9693
-4440
-8710
-8877
-1366
-6175
-1580
-5054
-7608
-6794
-6678
-2043
-9712
-5345
-5713
-9645
-1575
-8956
-9553
-5939
-5417
-8404
-4673
-2565
-790
-4185
-3144
-1303
-3483
-4679
-1130
-1070
-7694
-4233
-3460
-5236
-9340
-7673
-3061
-5163
-7076
-1853
-4094
-9701
-5055
-721
-9081
-2238
-3398
-8996
-2265
-8911
-995
-7093
-6277
-6146
-18
-8362
-6308
-7940
-1072
-6389
-3512
-8110
-7249
-3398
-6299
-8082
-1759
-9215
-3834
-4838
-8918
-8890
-5044
-7267
-2529
-9227
-7890
-4011
-546
-9381
-7748
-6605
-8820
-238
-8144
-4201
-8338
-9427
-4186
-8769
-7683
-8377
-5795
-3238
-4077
-4889
-9106
-6350
-9157
-9305
-5107
-7799
-9320
-3307
-673
-3118
-5420
-6647
-4901
-8492
-3171
-1464
-6525
-7573
-5669
-1015
-3627
-177
-2748
-2026
-180
-8167
-9229
-7483
-2035
-3325
-9993
-5689
-5505
-2049
-5624
-256
-7910
-9989
-560
-8999
-9405
-397
-2265
-877
-2697
-4201
-5825
-7859
-9785
-1745
-175
-9177
-6974
-4211
-9112
-9305
-1127
-814
-9636
-8196
-6113
-7469
-5054
-6814
-9793
-7491
-494
-4795
-4173
-8505
-7624
-5590
-4798
-857
-7920
-4694
-1991
-809
-2996
-2448
-467
-6583
-3448
-7659
-2256
-5895
-6000
-5671
-3917
-2766
-1920
-1579
-5573
-9756
-8181
-5009
-3545
-5291
-2192
-7762
-112
-9899
-7126
-9505
-7695
-6554
-2489
-8521
-8854
-213
-6340
-7606
-8784
-5392
-2921
-8741
-6137
-8741
-3611
-6796
-574
-7614
-1579
-4647
-9478
-7123
-8228
-8280
-4546
-6675
-9926
-7181
-5606
-2947
-5619
-5662
-3445
-2616
-7932
-4894
-9183
-3764
-1913
-4205
-90
-4547
-6810
-2351
-642
-1252
-4849
-4080
-5936
-9255
-428
-3762
-6092
-4265
-1220
-3133
-2323
-3168
-5384
-2116
-7591
-7576
-6823
-7479
-2538
-10
-5920
-9533
-7001
-3968
-170
-9918
-2553
-7961
-1347
-6066
-5922
-3085
-1482
-5723
-5518
-192
-6603
-164
-2432
-2567
-7582
-103
-9845
-9373
-2110
-3120
-3900
-5938
-1627
-5171
-5510
-7241
-7215
-1966
-3388
-8319
-1505
-8143
-9475
-8154
-9084
-6804
-9186
-6119
-7981
-5654
-3805
-467
-720
-2739
-9177
-2869
-4904
-8222
-1823
-192
-4432
-4551
-6653
-9643
-2549
-6378
-9104
-8653
-3360
-7674
-5857
-8233
-3477
-778
-6979
-718
-3357
-1903
-8537
-8924
-5988
-9064
-9800
-8726
-9714
-8025
-9600
-7162
-7947
-7786
-4714
-9138
-9158
-1187
-1633
-1449
-2046
-3845
-9040
-4429
-6682
-1479
-672
-1816
-8045
-6518
-1855
-8780
-5518
-6346
-1903
-1218
-6005
-2409
-5940
-3921
-1307
-9133
-6796
-9664
-5871
-4820
-8413
-4491
-4952
-9915
-1680
-9109
-9742
-7738
-4479
-9522
-295
-3087
-3296
-9394
-4339
-4251
-9871
-1309
-471
-8925
-2573
-3249
-4010
-3409
-9179
-2542
-6769
-2359
-4758
-4044
-7772
-4915
-96
-3138
-8493
-8040
-530
-1526
-2429
-7795
-4628
-7492
-8093
-9849
-713
-2447
-5885
-2433
-8539
-3112
-9439
-9921
-6427
-3651
-7609
-5512
-7141
-9683
-5390
-8879
-4533
-7897
-7146
-3854
-380
-5040
-4479
-2208
-1744
-2598
-1299
-2247
-9368
-2202
-294
-3998
-3572
-217
-8916
-8017
-7116
-9303
-6128
-652
-4703
-3278
-8812
-8967
-4729
-3512
-8
-4749
-8065
-8269
-4656
-6991
-6088
-460
-3925
-9485
-1474
-139
-4711
-5054
-3090
-6125
-2360
-2644
-9576
-326
-1297
-6449
-5530
-2528
-561
-5624
-4004
-4139
-5097
-6980
-5823
-5271
-7016
-5370
-4355
-4433
-8136
-9870
-8557
-2736
-8630
-9046
-3999
-5885
-5427
-4208
-859
-9269
-3308
-549
-1789
-2622
-5290
-8907
-988
-6811
-9081
-1452
-751
-6001
-41
-9561
-4976
-966
-8055
-6556
-530
-4045
-9817
-7601
-8098
-8274
-8412
-4947
-3423
-9333
-8910
-8966
-7786
-9177
-8475
-4584
-4172
-3643
-8632
-8902
-6906
-3714
-514
-2400
-2266
-9785
-9924
-5213
-4019
-3518
-3851
-1773
-9079
-2520
-1866
-8258
-8464
-9322
-6637
-8892
-9211
-5595
-9487
-4311
-6887
-306
-8443
-6501
-2205
-9379
-2387
-139
-2909
-7867
-2770
-4844
-2925
-5867
-8194
-937
-3761
-5078
-381
-6596
-5081
-3659
-8085
-9480
-686
-2898
-2995
-7465
-1723
-7543
-4192
-9258
-1227
-9112
-7349
-5700
-7799
-9743
-8627
-7584
-3132
-2510
-9010
-5577
-5231
-1310
-9931
-4995
-5681
-6407
-9941
-1482
-3441
-6254
-7745
-6331
-9236
-7392
-2420
-2131
-2837
-1968
-4455
-4090
-4541
-5122
-5649
-6461
-2690
-4102
-5520
-3007
-7920
-8421
-8715
-3502
-4280
-2636
-2919
-6917
-1308
-4105
-5611
-1765
-9958
-5784
-6213
-8979
-7563
-4269
-633
-9233
-8099
-5119
-8878
-7580
-5078
-3706
-3511
-7945
-5671
-6818
-3938
-8366
-3824
-3910
-2147
-9635
-7761
-5819
-3806
-1958
-2841
-5075
-8487
-3199
-256
-1650
-8794
-2248
-858
-6992
-2442
-9995
-5645
-7164
-7691
-9769
-4525
-6070
-8495
-4190
-1965
-7864
-3617
-7959
-1909
-4202
-7587
-5408
-4258
-7987
-4712
-4942
-6992
-3759
-5985
-8111
-8088
-5476
-3497
-6067
-522
-5938
-7903
-521
-666
-7726
-6599
-6426
-9083
-958
-5105
-4118
-8317
-2211
-2533
-6274
-6678
-3752
-9635
-7133
-9409
-4029
-9389
-3653
-6682
-5971
-3537
-2013
-4262
-2805
-4424
-555
-2466
-715
-624
-7331
-4787
-8655
-2939
-7350
-3927
-187
-6932
-7065
-7902
-1513
-1989
-4597
-9915
-5625
-907
-466
-1449
-7217
-5988
-7139
-3806
-5063
-7359
-9761
-480
-1406
-3920
-2631
-3275
-7842
-2229
-6290
-1150
-5716
-8445
-9141
-4906
-4181
-1122
-8941
-8184
-6883
-1531
-7177
-1309
-8725
-7571
-7016
-2271
-3047
-2599
-5713
-9237
-7460
-2754
-9395
-8273
-5735
-7657
-2178
-4044
-3073
-3430
-8140
-6566
-8600
-2022
-5823
-7915
-5364
-66
-8843
-4756
-3353
-2334
-7831
-7827
-9492
-9347
-4966
-5293
-6470
-7245
-950
-5590
-8194
-4740
-5532
-4526
-1400
-2315
-5873
-4846
-6302
-187
-6811
-7665
-4753
-8046
-988
-5058
-303
-5243
-5212
-8570
-8178
-7205
-6102
-5414
-205
-1203
-148
-363
-3591
-4045
-2922
-8922
-4297
-187
-3203
-4257
-1768
-7902
-6125
-4728
-2193
-4780
-38
-903
-8
-1453
-3957
-9112
-3103
-7847
-6903
-400
-9767
-4426
-7262
-3453
-3449
-7194
-3274
-1616
-8274
-5361
-2965
-5336
-6944
-1217
-2320
-6770
-1360
-2666
-2143
-1714
-1251
-1969
-1510
-6400
-2420
-955
-8080
-2900
-940
-6460
-2116
-9153
-4288
-3907
-6151
-8609
-4880
-6626
-2704
-1316
-5534
-9647
-911
-6072
-2080
-6268
-4907
-7800
-6919
-8183
-6094
-7269
-7052
-1137
-4257
-1334
-6735
-8592
-2439
-5455
-4061
-6612
-2235
-3554
-6292
-2729
-3338
-5449
-8761
-2354
-8911
-7088
-7076
-3600
-3393
-9651
-1489
-1798
-3404
-4603
-9110
-7037
-6946
-2904
-6244
-4150
-8961
-8238
-7150
-6340
-2913
-9248
-3019
-5685
-5221
-3230
-2556
-5141
-5118
-8590
-4125
-785
-2782
-9147
-4060
-13
-7233
-3569
-27
-5045
-9596
-8100
-8053
-7908
-6627
-804
-8546
-3655
-8413
-5010
-4556
-8878
-8343
-8496
-6974
-6312
-2216
-4858
-6544
-2557
-7354
-6087
-5843
-9113
-4548
-302
-9869
-1612
-8825
-1528
-5621
-9570
-8450
-9034
-3324
-9411
-1098
-4896
-1215
-1387
-3053
-2137
-6527
-9752
-4367
-4694
-2621
-4678
-6478
-480
-3944
-8026
-8872
-4972
-4629
-2544
-9324
-1488
-1809
-1062
-288
-8979
-6503
-9718
-1509
-6278
-8418
-100
-3117
-5317
-5651
-7100
-969
-8236
-7328
-5209
-9587
-7242
-2497
-517
-3374
-3032
-8827
-68
-5296
-1254
-8729
-5376
-8171
-3465
-3869
-2659
-2238
-7575
-6747
-2311
-736
-2991
-6288
-7389
-2870
-6714
-5253
-5792
-2361
-8979
-8983
-360
-2170
-7285
-9442
-4350
-8688
-9736
-3026
-6067
-2440
-5452
-2232
-4383
-426
-9586
-6732
-7867
-2092
-7950
-3495
-8798
-2968
-8766
-9342
-1400
-108
-9943
-9262
-4320
-2310
-8164
-3595
-5791
-476
-7710
-4904
-4713
-317
-8715
-9524
-575
-8458
-1527
-5065
-5430
-9682
-6867
-6068
-854
-7457
-8016
-4196
-3107
-9926
-7482
-9443
-9419
-5847
-2069
-2758
-2020
-6311
-4953
-9333
-3716
-5201
-3150
-2330
-6462
-1035
-7911
-3530
-3616
-1692
-9646
-1925
-2398
-7802
-3843
-8702
-7420
-8276
-820
-9369
-5486
-5443
-1148
-9608
-7600
-1296
-4668
-8357
-85
-6436
-1098
-9981
-752
-4466
-8908
-9313
-9701
-4036
-628
-1404
-8542
-7288
-25
-8884
-9949
-9834
-2714
-8146
-4997
-7455
-2226
-2608
-4199
-6534
-9898
-7845
-333
-9997
-2754
-50
-9417
-5173
-942
-8778
-3452
-3189
-7569
-8212
-6390
-1855
-8298
-7266
-4177
-8886
-8017
-9549
-6300
-1242
-5505
-2903
-6488
-9162
-6003
-574
-3829
-9559
-8159
-6081
-8107
-8456
-8626
-6598
-2777
-5426
-4190
-3958
-8302
-324
-2388
-9997
-968
-7444
-9411
-6387
-3744
-8620
-1790
-601
-451
-4067
-9599
-5398
-9199
-6059
-431
-8542
-4210
-5758
-4017
-165
-4115
-4440
-2481
-9832
-5405
-3908
-5904
-4902
-655
-7782
-3902
-5938
-1429
-332
-3348
-7960
-7637
-2660
-7415
-1792
-4954
-7995
-2205
-1974
-2065
-7612
-2764
-1014
-4261
-1252
-2616
-6473
-3179
-6981
-4569
-7425
-4397
-3281
-3743
-7685
-5799
-1507
-8854
-7611
-2084
-5997
-6551
-1705
-7879
-2900
-8244
-1482
-7609
-7596
-4194
-3969
-6725
-6243
-9236
-9407
-5381
-5343
-9996
-4229
-5596
-9144
-5810
-2889
-6561
-2787
-7953
-3369
-8958
-8708
-196
-2433
-9724
-9265
-6355
-2957
-1965
-8038
-8302
-30
-8071
-7853
-7958
-6637
-6453
-8410
-5055
-9905
-8060
-1145
-6487
-7648
-4990
-6951
-8867
-7272
-560
-7617
-6910
-4171
-6988
-5087
-5393
-892
-2999
-2607
-9921
-9277
-6257
-6961
-8892
-9173
-5710
-3094
-2322
-1922
-7223
-1833
-1636
-1763
-3569
-7721
-8846
-3171
-5993
-460
-916
-4693
-3076
-4004
-8814
-1762
-6681
-4846
-5348
-3780
-3035
-3375
-7000
-449
-9817
-8126
-4759
-3719
-1749
-8064
-398
-1226
-1109
-2726
-4908
-78
-8427
-711
-8123
-8389
-6565
-3758
-7038
-2345
-8804
-9666
-7227
-39
-9229
-6216
-9942
-496
-50
-8265
-8241
-4640
-7806
-8483
-5158
-3243
-2660
-4081
-3424
-2635
-1189
-5802
-7006
-3018
-8243
-6172
-726
-7584
-137
-3893
-2360
-3260
-8759
-597
-3834
-1282
-224
-5925
-6334
-5210
-9506
-2694
-8579
-5011
-9161
-714
-2785
-5930
-8466
-8419
-771
-6461
-3872
-9806
-3506
-9054
-9410
-2270
-3957
-25
-4543
-1945
-5451
-3541
-4743
-4275
-7381
-8299
-7961
-9197
-2357
-7927
-3189
-3116
-9383
-1410
-608
-4298
-9313
-5803
-9977
-7693
-6092
-6938
-8270
-1977
-33
-9731
-3566
-7591
-9411
-6139
-2014
-3026
-1086
-4061
-6570
-4759
-4739
-6745
-5138
-8057
-7586
-7266
-3665
-9173
-6308
-372
-7116
-1675
-3694
-1656
-4319
-3399
-6709
-2216
-664
-819
-5650
-9665
-8672
-62
-2341
-5804
-4717
-2441
-4090
-9836
-7610
-8214
-5373
-5573
-8850
-255
-573
-3841
-1519
-5384
-7602
-7890
-8053
-2085
-2782
-3655
-1102
-4681
-9766
-8208
-1732
-6100
-5630
-9312
-3472
-8027
-2294
-8357
-6454
-7829
-4422
-649
-7549
-6761
-6875
-9351
-592
-9273
-8847
-9645
-3655
-8381
-7946
-3876
-9955
-3264
-716
-6737
-1788
-5564
-4998
-9209
-9323
-549
-9756
-6663
-262
-9174
-2475
-2590
-3727
-9790
-2090
-2125
-8557
-6329
-6659
-4870
-7334
-8158
-8911
-9741
-2225
-2445
-772
-7698
-990
-1445
-7837
-4445
-7554
-7719
-7501
-1741
-8453
-9228
-1252
-5551
-2122
-4376
-5918
-1214
-4674
-7420
-7775
-2960
-4656
-6029
-4735
-8379
-2138
-2918
-9014
-3962
-1237
-9502
-5942
-947
-2030
-6891
-3468
-628
-4200
-9393
-7732
-9009
-8538
-4627
-7855
-5647
-7380
-3847
-5479
-6398
-4597
-9383
-2205
-2153
-2351
-9852
-2007
-5582
-774
-3594
-843
-3516
-4411
-826
-379
-9136
-8347
-2826
-3134
-4974
-7
-4789
-1507
-6448
-1697
-1569
-3509
-1392
-6220
-2685
-2141
-4230
-1506
-4536
-1243
-4545
-1698
-1137
-3666
-3334
-6176
-1489
-599
-7147
-4555
-8104
-6360
-1696
-9613
-9274
-6877
-1938
-6805
-7448
-1696
-640
-8916
-7839
-1133
-5834
-1306
-6401
-5016
-8558
-9503
-8534
-801
-5280
-1841
-6401
-8569
-7948
-5681
-3634
-689
-6670
-5261
-7904
-1527
-5821
-2667
-7523
-945
-7354
-9979
-8563
-4838
-7626
-1114
-5251
-5391
-7861
-4390
-2619
-273
-8845
-8165
-5529
-231
-5342
-1636
-8742
-5394
-728
-8257
-3863
-2497
-2510
-904
-6138
-8880
-7085
-4287
-4590
-3328
-123
-5697
-4207
-4522
-5670
-6378
-1351
-7156
-8360
-5239
-1076
-2207
-5083
-8700
-5401
-3399
-6018
-1795
-7206
-5416
-4130
-1112
-8968
-9152
-9858
-3878
-1903
-8474
-3288
-2880
-8753
-2693
-3920
-8142
-2563
-2470
-6955
-7198
-7713
-6275
-2364
-1639
-4690
-7707
-114
-2252
-7598
-4838
-1669
-8278
-4651
-8033
-7297
-318
-9771
-9990
-5284
-2894
-6406
-6797
-8920
-9557
-9558
-7750
-1023
-7820
-2231
-7458
-7586
-5997
-4411
-1572
-2441
-7693
-2959
-9020
-72
-4365
-4529
-3598
-9726
-7829
-9884
-9701
-1598
-6347
-8361
-3322
-7354
-7447
-5734
-9090
-7923
-9832
-580
-651
-6785
-6018
-1155
-4693
-1427
-9598
-2780
-3617
-4230
-1056
-8562
-8218
-9478
-4983
-2632
-7702
-3462
-9047
-8290
-7772
-5088
-2375
-8091
-6436
-6012
-7819
-858
-9792
-3697
-8079
-8356
-2524
-6862
-4808
-463
-903
-3493
-9226
-5421
-9183
-6444
-4634
-3523
-5502
-9540
-6754
-6845
-6919
-3685
-7478
-5667
-2192
-2512
-3210
-8040
-1133
-4276
-7840
-7623
-4864
-8028
-6915
-6220
-6242
-9981
-7045
-628
-3713
-5489
-8810
-6196
-6792
-867
-4881
-7515
-6432
-6457
-1190
-599
-1689
-4275
-521
-9929
-8262
-5302
-3596
-1320
-9884
-9928
-3823
-2294
-1161
-3226
-7821
-470
-8117
-711
-6371
-9769
-6106
-1343
-3908
-1931
-8403
-2354
-4574
-7856
-6391
-7582
-5275
-1359
-9730
-7719
-6359
-2170
-8344
-7114
-5445
-9540
-9673
-2129
-9473
-7712
-900
-9987
-9443
-6969
-8972
-6692
-9977
-8117
-8123
-1670
-7249
-9017
-6025
-6066
-4505
-3980
-8891
-2490
-4856
-7851
-2205
-6810
-5658
-7297
-5693
-2755
-2300
-5570
-3693
-342
-2668
-9900
-3352
-8465
-5902
-4541
-5839
-331
-5838
-9091
-7931
-1007
-8729
-9574
-9569
-3003
-3483
-198
-7269
-7447
-2951
-1765
-4783
-1876
-3704
-627
-6158
-2026
-7643
-3548
-9648
-4336
-8681
-9762
-1453
-3802
-1878
-6042
-7495
-5413
-5483
-9912
-1827
-8882
-5412
-6986
-692
-7236
-6634
-8470
-5756
-5403
-8046
-4355
-6578
-1852
-8267
-7897
-8179
-8647
-4889
-3337
-5913
-9719
-5264
-4778
-2428
-9527
-5827
-2824
-1691
-6026
-8457
-989
-3162
-3207
-8762
-3134
-2793
-5911
-9871
-5636
-105
-5998
-1959
-9839
-8446
-8748
-665
-8652
-5554
-3025
-6317
-4369
-5376
-9634
-953
-5612
-1628
-8623
-6765
-7504
-9620
-9329
-622
-7611
-6184
-9653
-179
-3928
-1017
-3705
-9890
-3417
-5267
-1098
-1976
-9233
-218
-4873
-5771
-1155
-7445
-7793
-6912
-3500
-9902
-8603
-604
-577
-2534
-1836
-4716
-3961
-9753
-19
-323
-9945
-9430
-5045
-5463
-1010
-1179
-3909
-6939
-5644
-482
-6485
-9787
-9279
-3470
-2846
-9241
-245
-5604
-6735
-3291
-9922
-330
-8679
-7089
-4560
-8449
-2756
-3032
-4571
-1235
-6936
-528
-7503
-7867
-5662
-7582
-51
-3607
-113
-9282
-6564
-351
-4631
-7014
-5219
-5987
-3889
-7515
-8413
-1606
-8626
-4772
-8556
-3709
-2225
-9600
-5633
-5270
-2735
-3305
-206
-489
-919
-3917
-8517
-7984
-4474
-3904
-5219
-7606
-8982
-8735
-5307
-7601
-3002
-1378
-6323
-8992
-9531
-7817
-256
-7924
-6163
-2308
-49
-8830
-2975
-2577
-1212
-4252
-9814
-8758
-8538
-7379
-1418
-9490
-2260
-2700
-9439
-1733
-1947
-1455
-3020
-7897
-3113
-4785
-7444
-8839
-5897
-6526
-4371
-923
-792
-9620
-8730
-6787
-1849
-693
-6666
-4011
-9129
-4780
-5953
-4249
-200
-3514
-8182
-9799
-8418
-9224
-4133
-2772
-6929
-9643
-2266
-5690
-6100
-9814
-1566
-6990
-7436
-7764
-6082
-8393
-9915
-4353
-7935
-730
-9900
-8811
-410
-8216
-6561
-3293
-5336
-7336
-2622
-9477
-6806
-8180
-9865
-123
-9893
-8663
-2591
-1169
-9833
-745
-806
-3193
-4591
-7821
-4005
-9162
-9872
-9803
-9635
-2369
-9305
-9359
-1410
-8904
-8854
-4751
-3866
-7127
-6066
-2749
-6198
-9293
-416
-5985
-7744
-1629
-9207
-9908
-5388
-8474
-208
-9085
-5878
-6321
-6272
-6029
-1626
-6153
-2325
-6585
-6839
-9276
-5057
-9531
-9316
-131
-5255
-9495
-750
-3443
-5704
-9614
-887
-4265
-7981
-886
-7455
-8727
-9555
-2485
-5808
-5741
-9881
-3680
-4843
-2119
-4745
-5174
-5893
-7609
-328
-9883
-8832
-6042
-9630
-5270
-7817
-1700
-7637
-3578
-4564
-1992
-1266
-1461
-6842
-1906
-4309
-5803
-8207
-5601
-9569
-6768
-4532
-3362
-1178
-9352
-6112
-2706
-370
-8751
-2589
-6912
-8306
-7160
-2260
-6229
-6921
-3303
-680
-3492
-2631
-9982
-7541
-3423
-6455
-4520
-3781
-5935
-1743
-2743
-4086
-7953
-104
-1998
-1806
-9010
-5036
-8943
-5738
-8954
-194
-2962
-4298
-889
-9291
-9434
-6957
-8754
-9210
-9224
-9100
-4362
-9942
-8636
-4023
-8207
-1664
-1121
-4386
-1817
-8468
-1732
-9598
-5154
-8704
-5656
-3608
-8261
-9926
-6075
-1891
-936
-722
-102
-2100
-6409
-6618
-8504
-6561
-7899
-3769
-8560
-3834
-446
-9578
-9629
-1540
-6640
-6741
-4598
-8136
-6759
-5740
-3576
-1358
-857
-6835
-1316
-9945
-3970
-4625
-2389
-385
-7475
-5145
-5171
-5572
-5483
-6696
-4185
-667
-5000
-4557
-1239
-1371
-5785
-7386
-4455
-4194
-9915
-5454
-8848
-7471
-8641
-5118
-9869
-6398
-5152
-8183
-8027
-3785
-5201
-9285
-1381
-4686
-6596
-577
-336
-8320
-7396
-1773
-2615
-8208
-5055
-4991
-7124
-9464
-4467
-3983
-4771
-6508
-9048
-6562
-8775
-1631
-5392
-4003
-5753
-8326
-9647
-5893
-3701
-7664
-9994
-6057
-9027
-7601
-7842
-9120
-9399
-9682
-414
-8864
-7944
-5769
-123
-9639
-481
-4360
-8483
-4129
-9177
-5111
-3182
-9978
-8147
-8352
-2843
-7331
-9926
-3935
-9613
-4260
-8954
-9847
-5367
-1238
-4855
-9587
-1654
-6798
-6094
-5793
-9009
-9130
-7877
-4815
-7617
-828
-2740
-9107
-9873
-7352
-5361
-9820
-1285
-5069
-7900
-3867
-6875
-4181
-9098
-9360
-147
-9805
-8802
-4324
-7309
-5892
-1945
-1514
-8295
-6325
-4095
-8517
-9396
-8499
-8134
-1689
-3084
-2039
-2503
-9713
-1350
-9019
-4563
-1492
-7686
-3428
-6138
-5671
-1271
-98
-766
-3920
-8935
-8504
-2661
-4657
-790
-6923
-4161
-832
-8925
-9867
-5936
-5447
-1231
-3202
-3524
-7614
-1889
-3440
-5536
-3451
-7369
-4803
-503
-2469
-4840
-7799
-5365
-2524
-7095
-306
-8746
-746
-1796
-253
-9883
-7365
-2522
-1538
-6151
-8172
-4529
-9049
-4090
-6509
-4219
-3616
-4101
-4233
-1994
-7422
-9240
-4391
-4131
-8983
-8757
-8905
-9492
-3150
-788
-1682
-1620
-9260
-2102
-8915
-4367
-7171
-1452
-5768
-2655
-2786
-3347
-3510
-5915
-9414
-3734
-1825
-5967
-2117
-706
-6991
-2255
-3066
-952
-9567
-4043
-6145
-7381
-4600
-4817
-1136
-9249
-1665
-1094
-26
-8986
-9620
-7651
-2531
-1055
-8915
-5856
-6786
-7501
-7238
-2017
-8731
-6138
-5546
-8596
-9689
-499
-58
-1351
-6140
-7942
-7274
-8489
-5638
-6286
-3768
-8279
-102
-7523
-2258
-3508
-1505
-2798
-3398
-773
-4597
-4014
-1580
-5762
-9964
-5613
-9092
-9902
-5920
-5279
-320
-433
-7619
-1424
-1408
-7786
-9100
-9115
-2608
-598
-3729
-5098
-9970
-8239
-616
-1249
-4508
-294
-140
-490
-6736
-2687
-2784
-8351
-877
-9456
-1814
-8234
-9225
-6455
-4892
-9533
-2827
-4318
-7500
-9441
-4971
-3729
-3857
-3311
-3626
-9706
-5912
-5296
-4415
-113
-1629
-1541
-5191
-7397
-8209
-2566
-9930
-4937
-1501
-956
-6877
-5759
-7672
-9470
-2668
-8390
-6248
-7212
-8244
-6532
-5067
-4061
-1250
-5635
-1780
-3770
-2414
-1355
-1828
-3607
-3190
-7444
-2622
-1141
-5115
-6968
-8297
-7546
-1996
-7194
-6308
-8651
-8148
-8009
-412
-4207
-6565
-6083
-4508
-1028
-242
-5099
-2522
-5582
-8398
-857
-8156
-8132
-9558
-8372
-5885
-7545
-7263
-9136
-8691
-2731
-3584
-7368
-8828
-7501
-2990
-1722
-4988
-8198
-7290
-2982
-4280
-8119
-8476
-6965
-3648
-8093
-3756
-4250
-8975
-7851
-4981
-9338
-7730
-9509
-4137
-7018
-1098
-6476
-8018
-9453
-9923
-3389
-3934
-7004
-8529
-5289
-8921
-6146
-2014
-7987
-5400
-3661
-5524
-428
-2537
-3828
-7099
-2687
-7757
-2729
-5538
-5499
-6145
-846
-7470
-4340
-4799
-5304
-8020
-6714
-648
-6949
-3095
-4596
-5230
-9420
-9201
-7317
-5140
-7913
-8546
-3579
-7605
-310
-9002
-8375
-8837
-2057
-2214
-9025
-1402
-2721
-4700
-3944
-216
-8814
-5496
-4539
-7616
-4675
-275
-3657
-9063
-6605
-4439
-7769
-7799
-8209
-5716
-776
-4646
-2600
-2431
-7703
-1993
-9402
-5408
-2753
-4039
-7932
-1337
-8493
-8956
-8153
-6485
-2152
-4869
-8194
-9383
-9185
-8229
-3861
-2863
-9026
-6521
-7695
-1338
-4258
-3233
-7635
-8785
-3644
-8090
-8374
-3742
-5789
-6220
-8080
-2975
-5136
-7990
-4787
-7963
-1338
-2108
-1929
-6757
-4341
-8189
-4832
-8932
-1757
-8004
-2262
-2783
-7021
-5621
-3155
-6169
-1512
-4388
-6472
-6657
-1911
-5461
-5996
-9239
-9366
-8134
-6305
-3006
-653
-7117
-1320
-7813
-3279
-9345
-8698
-1684
-6581
-3145
-2707
-2327
-137
-2343
-9325
-5644
-5394
-4915
-208
-5228
-2451
-2617
-9707
-6188
-3426
-7168
-4353
-9602
-2666
-7919
-1940
-2646
-5216
-1025
-1587
-7759
-8902
-4883
-3780
-3273
-7426
-9282
-2848
-8279
-9371
-2373
-9634
-7357
-985
-9532
-6974
-4267
-1627
-534
-6833
-1769
-5750
-5732
-2157
-4966
-4321
-416
-130
-2111
-5521
-8667
-5003
-9664
-8261
-2506
-9774
-1068
-1746
-4863
-1650
-3885
-4445
-6023
-7822
-9675
-346
-7782
-1398
-5725
-6296
-9253
-8020
-865
-2761
-4088
-6249
-4924
-2899
-8336
-9458
-9153
-9048
-9412
-3577
-2081
-7510
-3422
-5488
-5991
-2430
-4727
-862
-5697
-4741
-1411
-1960
-4654
-4653
-7323
-9551
-1499
-5346
-6685
-7948
-9548
-4660
-1748
-3292
-8523
-8599
-9047
-7484
-2899
-4061
-4739
-9140
-7482
-8271
-1176
-8707
-960
-1454
-8597
-7598
-2490
-6812
-8995
-4633
-7422
-2026
-690
-7330
-172
-2064
-934
-7504
-1426
-6895
-1408
-8079
-5964
-1559
-2253
-6281
-4478
-7912
-1008
-7188
-7794
-3801
-2271
-8958
-272
-506
-9374
-1562
-4193
-1611
-9421
-9096
-6178
-7977
-835
-5990
-9786
-9676
-9672
-2088
-5946
-8466
-645
-5225
-2439
-9082
-619
-1360
-6393
-7664
-2227
-7506
-7170
-7292
-4475
-6442
-8526
-5898
-3771
-5049
-2958
-7256
-7371
-8653
-2195
-4962
-5591
-4915
-9531
-1341
-764
-541
-7325
-9157
-6377
-4707
-7060
-104
-839
-9978
-1453
-5007
-7285
-8005
-8146
-3569
-6820
-1406
-627
-3654
-4453
-8483
-7624
-1804
-1557
-1745
-9816
-4524
-9364
-3314
-6359
-1850
-7177
-679
-6690
-5072
-3174
-4628
-8394
-9032
-8107
-5598
-5538
-8572
-7180
-4726
-1017
-7390
-9602
-7539
-7319
-1654
-3427
-9345
-6489
-7711
-9185
-9628
-6459
-1761
-2516
-2986
-8376
-3165
-6535
-4828
-7170
-4795
-8787
-148
-1698
-6372
-6110
-6197
-7600
-1614
-562
-764
-1
-3452
-4382
-7504
-2418
-258
-349
-8778
-1766
-1833
-425
-4228
-9842
-9783
-7518
-6628
-5908
-1644
-6030
-5991
-7733
-5998
-2008
-7324
-8916
-5330
-2568
-3190
-4126
-2639
-6494
-7343
-6000
-5314
-8446
-2941
-2811
-6145
-9755
-4983
-7898
-962
-5011
-9220
-3525
-2488
-8954
-1224
-435
-9121
-8582
-7213
-7651
-4368
-350
-2036
-4215
-6283
-3697
-2505
-2981
-933
-7848
-8280
-6606
-6474
-348
-4467
-2923
-9549
-8294
-8751
-3243
-9058
-8409
-4481
-4142
-7322
-6288
-4652
-8431
-3522
-6679
-9448
-7571
-9147
-7899
-8290
-5684
-4008
-6978
-3511
-9565
-9338
-3449
-5519
-8868
-363
-8207
-4441
-5786
-8717
-261
-1770
-5618
-8945
-114
-7174
-8627
-2519
-2169
-154
-7518
-2712
-7466
-8160
-7374
-3126
-9161
-4385
-8099
-7679
-1154
-7320
-5118
-4244
-1463
-5291
-2058
-4813
-4799
-1432
-4735
-2680
-367
-8321
-5063
-8918
-8119
-2360
-4220
-7093
-5819
-794
-3081
-7260
-3190
-7788
-6620
-4344
-7983
-7814
-8460
-9177
-696
-6786
-8415
-60
-7708
-7492
-3832
-9288
-5237
-5751
-6179
-6792
-2670
-9740
-1
-1675
-3374
-5153
-9539
-3613
-6880
-2227
-6119
-3828
-9059
-4516
-8564
-7163
-1397
-4828
-7686
-2014
-4111
-5440
-6840
-1978
-2879
-4611
-9605
-8723
-3128
-1151
-9598
-1651
-6106
-8257
-3849
-4311
-1937
-8569
-734
-5431
-9871
-1005
-2625
-4553
-8777
-7969
-8911
-6725
-8547
-8104
-8922
-9639
-1164
-6855
-8083
-4279
-2552
-6191
-5946
-6920
-5039
-8663
-311
-4179
-7257
-8699
-6711
-1089
-7287
-2902
-4262
-6683
-8656
-3505
-5279
-3203
-2849
-9514
-7061
-6191
-7922
-4612
-9231
-4362
-7352
-8049
-2902
-953
-9951
-5440
-8879
-7613
-9876
-9991
-1175
-2078
-7589
-8479
-5378
-3443
-6936
-4659
-5186
-2289
-284
-8695
-6216
-3482
-7505
-9496
-2093
-7810
-3961
-2216
-9598
-6735
-4972
-9478
-2362
-7849
-413
-5391
-1115
-4476
-3967
-4120
-8118
-3837
-3444
-376
-3331
-9971
-5196
-2086
-6107
-3489
-3913
-901
-8726
-7958
-7475
-7234
-2320
-9076
-7679
-1370
-1535
-3408
-9279
-4413
-8902
-8831
-4152
-8900
-7591
-7275
-3206
-3473
-5675
-8728
-8816
-5291
-3506
-6442
-6571
-6871
-5465
-6771
-6353
-9814
-6623
-7439
-7054
-1025
-198
-1038
-511
-5125
-2170
-6500
-5097
-1262
-4196
-5778
-9034
-9718
-9931
-4019
-9218
-9451
-5920
-9575
-7041
-8418
-8294
-257
-9598
-2446
-4772
-2175
-987
-479
-6571
-1596
-730
-908
-2951
-5528
-8766
-1886
-854
-6995
-4674
-8482
-4057
-9660
-570
-1421
-8142
-4349
-7660
-5197
-3994
-9986
-4637
-5845
-4008
-1518
-9612
-3989
-5843
-6061
-9919
-7770
-227
-7271
-7024
-7595
-3642
-7930
-8101
-9888
-9164
-5813
-5362
-5201
-4608
-3924
-3616
-5714
-5529
-2303
-2683
-2832
-8116
-1585
-7469
-6251
-9184
-4730
-2141
-5649
-3567
-7269
-9061
-1919
-1471
-1239
-5718
-4615
-8408
-4412
-4589
-8256
-4291
-1041
-1938
-2289
-9503
-3874
-677
-1356
-8244
-1858
-4167
-683
-5108
-5084
-9050
-3676
-3509
-8797
-9513
-2252
-1440
-6494
-7510
-8517
-5335
-1907
-7862
-7863
-3688
-9158
-4717
-5944
-6725
-7937
-5977
-2364
-3775
-4525
-4671
-8004
-5735
-1390
-1561
-8823
-6563
-6443
-7771
-4753
-1665
-9791
-2552
-1437
-7725
-9682
-3705
-8516
-6306
-7621
-7463
-8820
-4531
-2672
-8781
-7264
-2568
-8923
-319
-7018
-7224
-5519
-2328
-7905
-7529
-9211
-7271
-6299
-9912
-5174
-6904
-8705
-5017
-6488
-3347
-5981
-9295
-791
-6501
-5461
-8329
-3891
-865
-6869
-753
-6241
-261
-9119
-2916
-5289
-6300
-1282
-5489
-6206
-9095
-5900
-9219
-5265
-4971
-8367
-8429
-4341
-7369
-5653
-8856
-3760
-9713
-8708
-558
-5639
-4101
-2719
-9268
-631
-4604
-3139
-3546
-9171
-7517
-6541
-19
-3793
-3752
-4701
-51
-2260
-6996
-9420
-9244
-9432
-2364
-4796
-152
-2255
-2199
-7236
-5156
-1951
-6266
-5880
-4529
-2520
-7886
-7323
-9210
-4919
-9249
-501
-8869
-9853
-1022
-1619
-3883
-2829
-6540
-5794
-9926
-5671
-5704
-4025
-1037
-8760
-5650
-6025
-7265
-6318
-2073
-1526
-3654
-3037
-3350
-2739
-1761
-8820
-5817
-7824
-7700
-8236
-6630
-8036
-1291
-9158
-8895
-7336
-2901
-3491
-4254
-9289
-2737
-3681
-9769
-7868
-7486
-4696
-9525
-2543
-3954
-1945
-2550
-6420
-9702
-8930
-2573
-6269
-1414
-4401
-9039
-9207
-2666
-7535
-7077
-3798
-5684
-1512
-1367
-6501
-4920
-5740
-520
-8891
-3645
-7080
-8625
-8924
-2631
-3090
-7181
-2741
-3009
-8103
-1304
-9638
-3643
-5941
-9575
-9661
-183
-984
-8039
-3511
-9796
-3094
-4949
-7590
-9991
-425
-9089
-7281
-2781
-9472
-7457
-7279
-882
-4677
-9351
-3298
-2735
-2493
-1379
-2292
-294
-9010
-6423
-9794
-2510
-4784
-8493
-7851
-7837
-2769
-3721
-8136
-5929
-3434
-7566
-5418
-5229
-4659
-7586
-3205
-7708
-1751
-1218
-4414
-1288
-7136
-3907
-2453
-6287
-3088
-5070
-3075
-4747
-736
-8105
-2563
-23
-6105
-6422
-4752
-2752
-276
-9101
-3075
-130
-5939
-9049
-2266
-2718
-3756
-1731
-392
-3148
-6809
-913
-8159
-6470
-2065
-6365
-446
-7391
-4997
-5238
-3178
-70
-1834
-4200
-7278
-9357
-7722
-26
-7716
-8072
-4809
-9307
-9215
-918
-7929
-2012
-7631
-5153
-8045
-6813
-322
-9239
-3278
-5224
-8122
-9413
-4464
-1214
-6692
-678
-2738
-131
-5202
-6879
-7176
-4666
-4798
-7609
-1849
-7233
-1374
-5548
-8456
-5420
-8965
-5198
-1124
-337
-4448
-4463
-9711
-231
-7068
-8339
-6958
-3022
-8424
-7868
-6277
-2285
-7663
-1933
-8001
-9262
-7954
-5024
-9651
-7113
-9640
-6867
-7872
-6164
-6566
-7237
-9625
-9559
-1164
-7634
-9948
-6399
-1861
-9488
-5112
-9801
-7293
-6728
-817
-9979
-3857
-8196
-1304
-1057
-3496
-3628
-6872
-637
-6451
-8495
-1233
-4029
-8918
-7602
-9573
-1737
-7572
-1034
-9204
-2564
-4477
-9578
-4920
-1070
-9063
-1068
-8001
-5451
-3022
-4607
-2223
-3031
-9260
-4293
-8593
-9428
-1382
-458
-5376
-762
-221
-3285
-3611
-2780
-2336
-5279
-3441
-2906
-8721
-2372
-7169
-9083
-7391
-765
-4802
-9255
-3150
-8650
-7378
-9222
-7174
-9936
-1247
-4842
-7377
-8663
-3512
-8638
-9410
-3809
-3937
-172
-4998
-6761
-3097
-5615
-2189
-2050
-7596
-4350
-2245
-2523
-8744
-9716
-9291
-8692
-4449
-7120
-5729
-9219
-3027
-3568
-4190
-6291
-6827
-2109
-5465
-4113
-2212
-2037
-9955
-8982
-2915
-5131
-8264
-3829
-5715
-9663
-6133
-6754
-4558
-6477
-4887
-8599
-1008
-4408
-6616
-7543
-1420
-6563
-4616
-3902
-5516
-5827
-9405
-5007
-602
-23
-2523
-3756
-6095
-8931
-9058
-3508
-4302
-8703
-8171
-7998
-6577
-2467
-4417
-4920
-9551
-9264
-2367
-2479
-755
-7981
-6702
-5421
-7677
-3511
-2140
-292
-8965
-2678
-6283
-4109
-5843
-5040
-8223
-9312
-8416
-7966
-5350
-1601
-7258
-9681
-2918
-7551
-1578
-8147
-8184
-1532
-2199
-8413
-2150
-7420
-6632
-141
-6710
-9887
-5114
-9620
-6836
-5661
-8277
-6753
-5345
-2773
-2992
-2112
-9519
-7268
-4910
-9904
-1752
-4166
-6415
-5351
-4145
-9374
-4632
-4007
-2867
-1030
-3758
-894
-2371
-6982
-6998
-8239
-9159
-5189
-7261
-6114
-681
-3745
-4678
-4493
-2471
-2398
-5191
-223
-9568
-5489
-7634
-5921
-383
-1562
-6965
-9803
-2469
-6196
-5970
-9464
-4793
-9005
-956
-2170
-8447
-2260
-4838
-7276
-9162
-7798
-7580
-4410
-2930
-5191
-1871
-8288
-8900
-6609
-7217
-1318
-508
-9375
-9429
-9303
-4883
-839
-5108
-2852
-249
-2745
-1071
-8813
-114
-8810
-9385
-8969
-2001
-2959
-5617
-4362
-9958
-8107
-1168
-9954
-6279
-5416
-2647
-4340
-4000
-7414
-5479
-9675
-682
-4629
-6685
-988
-7021
-8499
-8676
-2811
-3286
-5124
-4505
-1229
-5879
-9413
-4573
-6515
-3634
-1855
-8349
-8723
-4612
-3196
-8594
-9460
-7937
-5676
-5048
-4800
-1427
-1812
-4623
-4232
-2947
-8332
-1043
-6790
-6692
-4966
-7133
-4790
-1891
-9742
-8854
-770
-656
-3077
-9215
-6833
-153
-9260
-8371
-9997
-8779
-9600
-2056
-903
-8552
-7530
-6200
-1164
-5735
-3493
-5394
-9028
-6366
-5100
-3232
-7407
-3617
-121
-2646
-6863
-5353
-8847
-1952
-1908
-2211
-4915
-409
-7674
-2878
-4093
-6267
-2706
-9011
-6080
-5387
-756
-3282
-8379
-8481
-2576
-6833
-62
-1240
-1064
-6212
-2620
-9226
-8414
-107
-6068
-1785
-3901
-9167
-2222
-6253
-8457
-9835
-5030
-2418
-2517
-9338
-5578
-6174
-6250
-1685
-2548
-7891
-3985
-730
-3159
-585
-3061
-4459
-1354
-9
-8602
-2268
-8886
-1322
-268
-9371
-6063
-8284
-6504
-7805
-5492
-6695
-4651
-6477
-2984
-9441
-4412
-8805
-6013
-5778
-9371
-5768
-8372
-7736
-9592
-1237
-8181
-9225
-8754
-6477
-3887
-6717
-8404
-527
-7727
-9832
-1071
-8904
-8353
-5817
-6536
-252
-7353
-8996
-1296
-9380
-9487
-4543
-9367
-1221
-7996
-784
-6767
-5589
-2375
-5794
-5071
-4125
-7294
-9129
-8974
-7805
-8102
-780
-4029
-8724
-8818
-1388
-3809
-9866
-9571
-4150
-9893
-6164
-6804
-7965
-5154
-9445
-3012
-6261
-188
-3813
-2736
-447
-9708
-835
-2838
-7337
-9184
-7690
-7418
-9650
-6852
-4262
-9431
-1550
-9229
-5267
-9365
-7870
-809
-474
-1341
-1292
-5432
-9707
-8687
-3658
-2329
-7402
-414
-4761
-2645
-2778
-6209
-345
-9884
-6555
-9192
-9268
-9186
-1971
-5777
-7082
-4233
-7022
-7225
-2778
-7324
-8613
-2417
-7477
-7583
-7072
-4743
-4116
-8807
-1260
-8143
-6915
-3803
-3803
-8006
-7380
-9305
-526
-5766
-8533
-1094
-7620
-5863
-6733
-3598
-3216
-5434
-6810
-6774
-1549
-4757
-5386
-4594
-7889
-1326
-9195
-4523
-5826
-2008
-9428
-6940
-5708
-6159
-4896
-8209
-2863
-7092
-5855
-8464
-8441
-6296
-9387
-7555
-7030
-8425
-8203
-2202
-3882
-5294
-7770
-548
-9739
-290
-7461
-6888
-9504
-2515
-23
-1365
-3803
-4825
-3973
-9711
-1381
-4021
-2777
-1828
-3086
-7359
-4624
-2450
-6882
-8526
-8066
-7289
-4842
-214
-7621
-6048
-8169
-1796
-1378
-6506
-5009
-6010
-1490
-244
-537
-8249
-3281
-5494
-7888
-9873
-591
-1030
-5583
-6090
-2054
-283
-1105
-3488
-6992
-9319
-7953
-7954
-3284
-9810
-7544
-2952
-3333
-9143
-4787
-7221
-905
-3248
-7207
-3555
-7131
-7504
-2581
-1095
-3072
-4709
-7564
-9449
-362
-8842
-129
-2566
-6703
-6846
-1679
-4079
-1735
-1160
-7199
-6986
-4536
-8437
-375
-7813
-5313
-7831
-3123
-4153
-4873
-8718
-3236
-8485
-3974
-4
-667
-9463
-1518
-6154
-7668
-3609
-3230
-9588
-275
-8416
-2555
-2437
-9393
-4420
-3725
-1323
-7443
-30
-9333
-1370
-7775
-8197
-9011
-5880
-7070
-1016
-8121
-4044
-2592
-1354
-6013
-7574
-9875
-9295
-4289
-1853
-8402
-6329
-9075
-2667
-3022
-2753
-692
-89
-8654
-2022
-6073
-8890
-4950
-4568
-1508
-9993
-8473
-8658
-8737
-9395
-3966
-6537
-7968
-6931
-2900
-3864
-1638
-6847
-7654
-9608
-3378
-4246
-2557
-1040
-2177
-7047
-4346
-9456
-2977
-481
-7534
-1086
-5221
-6972
-4959
-9454
-2910
-5035
-6556
-8738
-1508
-7439
-8427
-2517
-6360
-8265
-4375
-7175
-6410
-1880
-9804
-793
-3258
-7886
-8286
-7863
-6751
-7424
-6429
-8247
-361
-9172
-3930
-9731
-8616
-7178
-4455
-2776
-8937
-4870
-1472
-4670
-5973
-339
-5740
-6596
-4952
-8280
-9826
-9137
-8593
-1832
-4492
-8011
-4719
-4972
-6333
-837
-8647
-5295
-5969
-6380
-6278
-3836
-2794
-5535
-7034
-5146
-6629
-9536
-8542
-2756
-798
-1069
-7946
-9689
-5705
-3949
-1719
-4856
-188
-2588
-2548
-8823
-9934
-9494
-4874
-7047
-5568
-8996
-6416
-9578
-3102
-5255
-7710
-2561
-5508
-8296
-3954
-9478
-3649
-9500
-8694
-6828
-6398
-5848
-412
-8345
-4331
-5593
-958
-3519
-6222
-1521
-8105
-3469
-5018
-2081
-547
-8842
-9154
-8058
-241
-1531
-9707
-5506
-731
-8313
-515
-8966
-2794
-5573
-2196
-8277
-4375
-7334
-3799
-9767
-6291
-4889
-9369
-8384
-9446
-1910
-6815
-6615
-6729
-7651
-5914
-7381
-3186
-4426
-9448
-4895
-244
-8137
-9409
-1907
-6659
-3406
-8844
-3491
-8600
-7327
-2390
-9010
-2426
-7707
-8353
-1345
-2903
-7475
-7548
-6713
-3045
-5318
-7911
-8008
-7052
-48
-2227
-2842
-9487
-5520
-4796
-1373
-8175
-7644
-9270
-6771
-4831
-566
-9658
-8965
-3590
-7132
-6093
-6220
-4935
-721
-8005
-3024
-9200
-4445
-9035
-813
-5636
-1142
-6351
-8057
-7641
-2299
-5311
-4520
-1394
-8725
-5510
-3274
-8491
-6797
-8101
-5481
-903
-171
-4706
-4708
-7146
-1412
-1380
-9195
-4774
-6802
-8826
-3930
-9606
-945
-1279
-1220
-1883
-4430
-1566
-3045
-1466
-78
-2726
-6006
-8243
-8288
-653
-5838
-49
-3602
-6452
-6494
-6851
-9173
-8334
-6730
-5821
-2320
-8064
-3063
-5598
-8485
-9481
-8183
-7408
-7847
-2399
-7078
-7234
-5110
-8349
-3170
-8662
-4785
-6542
-8429
-3546
-7801
-5721
-995
-3335
-4565
-8315
-8570
-7131
-7706
-246
-4957
-568
-8807
-2171
-8791
-153
-5954
-8457
-5520
-5832
-2821
-7795
-9530
-6225
-7991
-8547
-6393
-8229
-4618
-9506
-9828
-5439
-4040
-499
-127
-1542
-2989
-2194
-9076
-9751
-787
-8273
-1542
-2273
-17
-4237
-7652
-3662
-7042
-2370
-3437
-8037
-6500
-9076
-3865
-5872
-5527
-4905
-9058
-174
-739
-4407
-7477
-7305
-5894
-5666
-1307
-5030
-5138
-2803
-5686
-9039
-2777
-4535
-8092
-6225
-4662
-8237
-1222
-7669
-1691
-5965
-6118
-3278
-3549
-1289
-2906
-9511
-9520
-2758
-9732
-603
-3874
-9176
-7254
-6082
-1593
-1727
-9294
-5791
-1308
-1059
-6374
-107
-1219
-4817
-7368
-2112
-9950
-9891
-9684
-1733
-4727
-8274
-8898
-1821
-9895
-6763
-2551
-1262
-7721
-34
-3672
-5555
-7713
-7322
-8111
-6721
-5323
-4545
-1073
-2985
-292
-5164
-4956
-3315
-233
-4726
-9890
-5094
-8818
-6664
-7991
-4504
-8621
-9223
-4874
-7256
-7194
-1265
-1765
-3261
-1690
-2790
-5590
-8237
-9975
-4727
-9306
-3261
-7843
-8112
-4780
-8476
-2145
-6758
-5553
-5343
-7123
-2463
-1794
-3659
-8233
-6691
-2471
-9876
-725
-8567
-5526
-8649
-6670
-2308
-2591
-6732
-3404
-4138
-6885
-3490
-1341
-7319
-8701
-4992
-7561
-3477
-775
-224
-8187
-3687
-8125
-6422
-1306
-4355
-6975
-4535
-6427
-2621
-6987
-2531
-3271
-9719
-4557
-3926
-6972
-9147
-139
-8146
-2485
-8085
-2878
-8859
-7593
-1
-8928
-1984
-3301
-9816
-8873
-7197
-8234
-8314
-168
-2034
-7077
-6554
-482
-3313
-128
-1613
-8476
-699
-603
-7617
-5128
-9256
-9083
-8942
-9826
-7529
-7903
-8463
-6649
-6286
-9173
-1117
-1229
-630
-3232
-8896
-2811
-8923
-6134
-9204
-553
-6746
-3611
-573
-2354
-5523
-4560
-8732
-9714
-6165
-7482
-5325
-7087
-1367
-6946
-4438
-5676
-8455
-1809
-4465
-9661
-4884
-3320
-7988
-9914
-8107
-401
-7845
-3013
-3169
-8695
-9440
-2921
-373
-7734
-6052
-3785
-3860
-1748
-6321
-3780
-1497
-3547
-6802
-1434
-764
-8540
-3515
-6480
-9750
-2931
-642
-2835
-8165
-4074
-5213
-6832
-9605
-8272
-6384
-2126
-9337
-9526
-3
-6752
-9053
-8382
-9685
-5421
-5419
-3906
-164
-6827
-7280
-550
-297
-9696
-8509
-7566
-8564
-2407
-9324
-3181
-1370
-9315
-6809
-2899
-8065
-9670
-3869
-2421
-9592
-9487
-1226
-3498
-4695
-4597
-6936
-4905
-9067
-7366
-7234
-5588
-558
-8079
-7648
-7891
-4952
-1786
-6675
-4529
-3721
-8393
-3107
-3816
-1922
-3397
-1432
-828
-3559
-9189
-3195
-3304
-7909
-1119
-8107
-8443
-2452
-4849
-8959
-3233
-1611
-6414
-7967
-8769
-6774
-9832
-290
-7083
-9738
-7071
-662
-5662
-9331
-7981
-7809
-3739
-7394
-7136
-4282
-7387
-456
-1989
-7895
-9026
-4368
-2504
-8118
-6225
-2257
-668
-9146
-5244
-96
-6043
-6220
-7761
-8757
-4685
-3678
-7284
-1749
-1608
-4110
-5692
-9177
-5021
-3695
-9501
-5473
-8205
-7543
-3370
-955
-2206
-1833
-7033
-1825
-272
-3793
-5508
-6534
-3822
-1234
-2164
-9887
-1957
-7759
-9837
-3730
-6615
-7068
-8072
-7905
-6445
-9522
-8915
-7091
-6430
-1813
-9768
-9207
-4803
-567
-2528
-9000
-9815
-9657
-727
-6799
-1584
-3141
-2381
-9452
-1918
-813
-7329
-1714
-3782
-9986
-763
-7894
-8829
-7731
-2830
-486
-3782
-6572
-7051
-346
-4971
-3995
-8084
-7005
-7980
-4338
-8181
-3048
-5097
-9567
-7315
-7330
-9215
-3034
-8035
-1386
-7333
-1492
-7257
-1665
-596
-5771
-8645
-3656
-8680
-2029
-894
-7133
-2506
-4867
-1388
-2422
-8170
-5625
-5639
-2634
-2078
-2543
-9378
-2226
-4171
-7778
-9957
-7891
-8166
-281
-8318
-7225
-8282
-7663
-7813
-8419
-5400
-4083
-6242
-9633
-3824
-4337
-944
-846
-3730
-8415
-4479
-1310
-7700
-2871
-8507
-9686
-9825
-504
-9197
-7407
-6230
-4060
-5622
-9
-2893
-8856
-4182
-9760
-1590
-4502
-5278
-3248
-3417
-9362
-5882
-1720
-9453
-7047
-2077
-4448
-2486
-8391
-9066
-1210
-7232
-9917
-4871
-9882
-3406
-3476
-3680
-1206
-8002
-1732
-7228
-573
-7307
-4368
-4003
-7367
-8849
-737
-5275
-5553
-9328
-7680
-8390
-6485
-9366
-8870
-9964
-8891
-8797
-3141
-231
-5299
-9048
-7267
-6099
-4766
-4461
-1114
-5666
-2448
-2055
-2129
-7041
-1830
-6474
-7897
-8494
-791
-7491
-8647
-1076
-4557
-8965
-9509
-8620
-5009
-7668
-9304
-6228
-7720
-1072
-8175
-3245
-8496
-8497
-6209
-135
-4009
-8550
-244
-9259
-8932
-9564
-2909
-4972
-5853
-7679
-9387
-8557
-824
-8019
-2994
-3601
-4845
-384
-793
-1622
-4579
-1535
-8627
-9071
-4302
-9943
-639
-2949
-9162
-1238
-6046
-2571
-9875
-6225
-7624
-8756
-202
-6474
-4206
-3045
-5609
-7669
-8718
-9130
-1697
-4010
-393
-5883
-6360
-1096
-6340
-4779
-4228
-3982
-7905
-4341
-2902
-5497
-379
-7141
-168
-8765
-2404
-9416
-7221
-9189
-8879
-3555
-4779
-4569
-8014
-3701
-3890
-7106
-169
-9180
-2154
-4880
-8243
-8601
-1638
-9766
-8126
-5667
-9195
-2794
-8984
-8300
-375
-4511
-1644
-7655
-3362
-111
-8922
-6020
-6262
-8602
-2338
-3250
-4623
-5937
-4339
-1490
-6081
-3343
-5190
-3404
-7148
-4812
-6426
-7314
-8576
-2817
-8062
-8662
-6465
-7131
-33
-9326
-3402
-7681
-3082
-2050
-4033
-5684
-5559
-5385
-2575
-7850
-3495
-8696
-8972
-1273
-1206
-5846
-5693
-8724
-5164
-7760
-5070
-6599
-3908
-2464
-7662
-5059
-2462
-9405
-9229
-6456
-4469
-5138
-9558
-694
-510
-7454
-4748
-7891
-7525
-2623
-4327
-8699
-2247
-4781
-7741
-1577
-191
-1080
-8831
-9512
-5875
-9474
-1592
-6105
-443
-9371
-7511
-3522
-4805
-3727
-2423
-539
-2026
-9408
-707
-3160
-2446
-3955
-8748
-3285
-3578
-6028
-5047
-678
-122
-2121
-8119
-5387
-9190
-1920
-1422
-5892
-4738
-4264
-1363
-9497
-9333
-8233
-1027
-1926
-2970
-9795
-7192
-2217
-3225
-2384
-2378
-8604
-6275
-137
-1017
-418
-6031
-3241
-8086
-7234
-6888
-8133
-7972
-9845
-8580
-9670
-3059
-7504
-4643
-9116
-9703
-8784
-9132
-6900
-7547
-6217
-4775
-1508
-3655
-2941
-6602
-1962
-9923
-5549
-6549
-1385
-3817
-9217
-7981
-4015
-4924
-8504
-8409
-3191
-5212
-7936
-7823
-1587
-4853
-8979
-7340
-2278
-9211
-3510
-1942
-5330
-3462
-721
-2434
-8487
-9213
-8925
-7013
-6455
-1284
-3665
-7756
-1578
-4550
-9916
-6074
-4053
-9634
-1312
-7717
-1705
-2886
-4643
-7168
-1501
-4348
-6102
-7286
-3260
-1463
-4594
-6188
-1133
-524
-4758
-5332
-9925
-6401
-4994
-7330
-3518
-2536
-7617
-4319
-324
-664
-280
-2207
-2867
-4415
-4706
-6084
-9346
-4090
-6328
-4878
-894
-3377
-1345
-7802
-7304
-8708
-4957
-8310
-6797
-310
-7106
-22
-7975
-7804
-6275
-6745
-8455
-9572
-5989
-6760
-4031
-3046
-9456
-4596
-385
-8524
-1653
-5341
-7514
-8129
-9652
-3
-8893
-4668
-6635
-446
-3680
-3241
-8895
-5532
-9688
-8060
-7691
-222
-8820
-2213
-8202
-6929
-8682
-6418
-4052
-8302
-4835
-1560
-1354
-5009
-6952
-9344
-4578
-2794
-7178
-515
-7122
-678
-6739
-771
-6125
-2875
-2926
-8031
-1008
-8630
-4823
-6069
-8666
-4053
-7140
-4629
-7581
-1412
-2031
-9690
-6535
-2105
-8905
-583
-1263
-3230
-9486
-6852
-5361
-2914
-6728
-1270
-8776
-287
-3318
-2369
-5119
-9913
-4073
-7789
-8967
-9164
-6563
-9225
-8870
-4035
-6111
-4563
-3220
-1737
-8447
-5827
-2085
-2960
-5367
-7931
-9238
-9827
-2557
-9151
-9801
-4572
-6894
-1092
-495
-2997
-2400
-7195
-1145
-1856
-4650
-8971
-7981
-9478
-9683
-545
-3832
-8160
-2941
-2199
-2536
-4695
-8288
-2165
-7112
-61
-2919
-3162
-3945
-8920
-8380
-1401
-3155
-1042
-1363
-7957
-1231
-9298
-2631
-3883
-5650
-5096
-6215
-4242
-7401
-2700
-6607
-8404
-1304
-516
-3335
-5002
-8785
-8936
-5724
-8633
-3638
-8070
-5984
-4815
-1582
-8181
-6819
-9659
-135
-5530
-7855
-6048
-239
-7692
-7541
-3657
-5075
-8729
-6058
-5242
-5812
-5509
-6335
-3771
-190
-7895
-4259
-6643
-2759
-8354
-874
-2214
-1447
-517
-7483
-4863
-4189
-3297
-4315
-7037
-2140
-8414
-2587
-5758
-2616
-7469
-8306
-7564
-4243
-9019
-8266
-2586
-8710
-8139
-1052
-4669
-4385
-4257
-3947
-9771
-8322
-7631
-8739
-789
-1477
-8096
-7134
-5332
-9647
-742
-490
-310
-7259
-1700
-269
-1990
-3762
-4235
-5444
-7548
-203
-1094
-9887
-8634
-823
-8837
-7821
-5554
-8938
-7962
-6359
-3241
-2409
-7765
-893
-7597
-6886
-1440
-7619
-8918
-3372
-539
-9850
-542
-3036
-7333
-9647
-3088
-4916
-8848
-5429
-5378
-2227
-8322
-4769
-1955
-8254
-6634
-281
-5171
-8352
-9002
-2253
-421
-7796
-7773
-4866
-8471
-1987
-5581
-5649
-7292
-6620
-9031
-9010
-6926
-6470
-9962
-7960
-1909
-7623
-1250
-8539
-5413
-739
-166
-2489
-2860
-180
-4116
-8026
-392
-2125
-5608
-5350
-8121
-333
-224
-7528
-6298
-8851
-9952
-9200
-6638
-8182
-5044
-6698
-6781
-5714
-4793
-3712
-4748
-6499
-6634
-5472
-142
-8386
-8796
-3885
-7869
-3313
-7417
-2760
-3448
-5367
-9342
-6171
-7658
-3402
-5700
-633
-4862
-703
-9455
-1976
-9349
-995
-3720
-7594
-1715
-1144
-811
-3903
-2414
-9232
-976
-4571
-4644
-8969
-8011
-3831
-9711
-204
-691
-8297
-6395
-950
-2770
-963
-6562
-6228
-1106
-3581
-6076
-223
-2323
-4481
-4024
-9995
-988
-187
-7001
-5360
-3096
-6797
-9154
-9349
-9340
-6293
-6592
-4048
-7082
-2926
-1162
-6479
-1640
-8871
-6650
-2899
-9022
-2774
-8568
-3874
-1362
-7882
-3371
-6779
-5028
-180
-1008
-5958
-6329
-8916
-7735
-2113
-6664
-1923
-6496
-5147
-9270
-5972
-9017
-6334
-8610
-5802
-2901
-831
-5985
-8056
-9756
-231
-2232
-4844
-4693
-6173
-4940
-8234
-9380
-9194
-5674
-9336
-5156
-5499
-5
-2028
-4372
-4612
-931
-7304
-3873
-6297
-166
-9362
-7544
-5228
-6204
-52
-120
-2263
-8534
-7078
-3849
-3111
-5402
-9982
-6624
-7101
-8328
-5907
-5486
-213
-3996
-709
-9229
-2770
-297
-3725
-7192
-5520
-8016
-4996
-7997
-2776
-1140
-8790
-5923
-5122
-9566
-2834
-4220
-5613
-6575
-4809
-4122
-1166
-8698
-6722
-7794
-9866
-9870
-9823
-9506
-7571
-7972
-1555
-498
-533
-9037
-7551
-7372
-1422
-8905
-2783
-1787
-4864
-3160
-7000
-7733
-8791
-8337
-9806
-8344
-8794
-6484
-4999
-9431
-6242
-6689
-2098
-610
-4587
-2085
-6549
-6311
-2925
-1673
-394
-7979
-1850
-4377
-4696
-3143
-3894
-1749
-9714
-9907
-8681
-9674
-7152
-9140
-4004
-9326
-9583
-4613
-7253
-2653
-6281
-5687
-1340
-9415
-2709
-9224
-6153
-7655
-7534
-8902
-1851
-9107
-7011
-9665
-90
-9717
-8466
-3633
-2896
-172
-8867
-3230
-7882
-5985
-6214
-9976
-5217
-6507
-7581
-1354
-7815
-258
-6632
-9698
-8915
-3012
-2579
-6765
-9755
-6203
-6336
-7333
-4917
-4217
-9685
-4219
-4460
-2009
-9812
-7796
-6147
-3893
-6284
-1603
-7500
-9879
-7107
-8826
-806
-5489
-480
-8640
-9304
-8027
-9979
-5329
-6416
-6321
-5301
-9801
-9195
-9208
-4165
-8095
-6610
-2581
-7959
-354
-7242
-8989
-7334
-9941
-2520
-5338
-7572
-6618
-103
-8226
-9326
-3473
-1370
-4584
-689
-5518
-4688
-5472
-9594
-1803
-9675
-5347
-2961
-9411
-1343
-632
-9876
-9194
-8107
-9709
-2644
-7453
-1018
-4712
-8976
-4206
-343
-1329
-8531
-3309
-8562
-7612
-5551
-5989
-1430
-9272
-4647
-7244
-1702
-5657
-861
-9241
-3979
-4965
-6145
-115
-607
-6289
-4437
-2302
-40
-5515
-3041
-2181
-4212
-8484
-5866
-8390
-4631
-5859
-7297
-3985
-4358
-2011
-574
-9343
-497
-1129
-7289
-3587
-3923
-6893
-9581
-4818
-9610
-8286
-3932
-6482
-7237
-4477
-928
-3380
-2496
-7077
-9719
-9105
-5553
-392
-8477
-7350
-9857
-7321
-2199
-1632
-9275
-7881
-1299
-791
-6469
-2738
-7585
-4986
-7999
-6582
-9201
-8302
-5230
-4518
-2202
-8215
-7319
-7042
-8382
-2051
-9485
-8644
-4511
-2841
-6841
-2379
-2159
-8533
-9949
-1273
-5596
-6513
-8168
-9692
-2279
-4019
-9463
-5549
-4695
-1930
-3649
-139
-2512
-358
-1727
-5573
-9795
-7834
-4478
-2153
-9637
-4995
-7236
-8864
-7744
-1446
-5716
-6103
-9914
-7516
-5523
-5980
-8344
-9565
-3430
-1005
-8480
-7006
-9058
-2641
-113
-2810
-898
-3763
-7188
-4242
-2214
-7762
-2352
-2996
-5409
-5995
-7951
-7021
-8672
-9090
-1010
-1952
-7353
-2306
-5158
-2466
-8346
-8570
-8099
-9003
-1597
-6165
-1448
-5853
-8748
-5333
-8297
-3299
-5610
-7208
-4085
-265
-8187
-4567
-1239
-8637
-5417
-5534
-4227
-8297
-7863
-9536
-4397
-366
-5537
-9750
-5113
-6912
-7947
-6107
-2709
-3716
-1204
-4762
-3143
-9259
-7022
-3811
-7734
-5276
-3952
-1008
-7865
-9635
-8902
-3867
-9090
-1436
-7342
-1291
-8713
-6046
-9410
-355
-4794
-7208
-1588
-7977
-188
-4205
-7773
-55
-9590
-7103
-2165
-5477
-7635
-4045
-752
-5426
-2640
-6829
-7933
-9252
-1914
-8921
-1998
-3477
-2568
-1513
-9863
-4570
-4842
-8388
-760
-8867
-9279
-6439
-2666
-2852
-5672
-8593
-7961
-1814
-9119
-4309
-9157
-5006
-2181
-6861
-9033
-4697
-4031
-559
-7097
-1276
-3422
-8978
-7340
-8383
-1298
-7965
-9198
-4691
-2620
-3268
-2658
-9560
-1734
-8226
-9002
-8256
-8964
-4149
-8103
-7184
-5703
-1149
-2703
-8061
-7846
-6947
-418
-6081
-8651
-2505
-9595
-5505
-9999
-9862
-7016
-5199
-4470
-1631
-7400
-62
-2473
-6757
-1464
-1321
-7302
-17
-3900
-6083
-5112
-7536
-4479
-9133
-5014
-7951
-9161
-1210
-1645
-1670
-147
-5667
-4509
-5988
-6652
-8377
-4133
-382
-1498
-7710
-1470
-2328
-7904
-7107
-2472
-7520
-8530
-208
-9623
-5469
-8202
-86
-6812
-3547
-7288
-5029
-3988
-6788
-7964
-732
-7170
-3758
-148
-6709
-8108
-2231
-4260
-4349
-5958
-3010
-6249
-5172
-8480
-8847
-604
-266
-7265
-4044
-6359
-9444
-833
-1678
-4122
-3729
-6105
-9565
-7259
-2176
-2521
-403
-3312
-4765
-8429
-2996
-1804
-2400
-2752
-9739
-9787
-9733
-2187
-2809
-3421
-170
-2950
-6188
-9541
-7530
-7453
-5713
-2448
-9421
-4333
-3019
-1413
-2332
-5445
-31
-5199
-2277
-78
-8821
-3548
-1156
-7079
-63
-419
-332
-1937
-3223
-8136
-553
-8253
-4667
-9088
-3526
-8056
-8328
-9059
-5981
-210
-1736
-8213
-4930
-4786
-7308
-131
-6463
-9402
-8584
-5214
-6974
-9082
-5505
-9017
-2376
-8582
-8232
-6291
-5265
-1495
-9140
-52
-1921
-3395
-4369
-4312
-4929
-1004
-6523
-9341
-9642
-3130
-6681
-4525
-7933
-5352
-6874
-8939
-7474
-7423
-7617
-2558
-6769
-8757
-5664
-8671
-6147
-9892
-598
-8098
-6359
-4682
-7385
-2118
-9732
-7269
-1986
-8542
-1235
-7499
-2700
-2572
-7160
-8684
-4938
-8945
-324
-5991
-1948
-9574
-3036
-9372
-3184
-6407
-7640
-1287
-3481
-7301
-8204
-1768
-8385
-2281
-2710
-7091
-9598
-2920
-7900
-1643
-4023
-8985
-2004
-1742
-7763
-7848
-2433
-1456
-4566
-2953
-5633
-6855
-8346
-8539
-8839
-7226
-3936
-3699
-9961
-8424
-4884
-7236
-602
-2618
-5410
-6431
-7814
-4505
-1932
-7952
-6656
-1470
-1271
-1235
-5659
-4732
-7129
-6264
-2907
-6446
-7906
-5788
-4554
-4896
-4254
-3716
-6890
-7839
-5575
-9752
-2974
-2113
-6474
-1108
-6182
-8498
-3617
-7598
-5103
-2276
-3978
-1942
-1479
-8277
-9882
-8642
-3330
-429
-9653
-7525
-6815
-7998
-8201
-7843
-488
-5563
-7901
-3286
-1676
-181
-7469
-9343
-4157
-1097
-2131
-2924
-1337
-7577
-9237
-2284
-6873
-5948
-1537
-995
-4171
-1239
-6905
-2942
-7776
-6826
-8703
-1639
-3174
-8105
-8512
-3430
-5699
-5567
-6497
-5740
-9543
-3635
-8811
-5007
-9855
-5383
-1942
-4229
-473
-8438
-4934
-913
-8123
-634
-4920
-4287
-82
-7182
-6444
-8096
-1693
-409
-1088
-1685
-4550
-9174
-4497
-4620
-5155
-2884
-7921
-5404
-2081
-5233
-4152
-2129
-812
-7941
-4971
-6871
-8783
-9009
-7661
-6135
-1023
-9940
-3416
-8530
-9814
-7810
-7962
-7520
-4944
-8932
-8128
-9352
-4296
-189
-5476
-1871
-2689
-1218
-7334
-6912
-1668
-8583
-5100
-3853
-6012
-1307
-9258
-4073
-7779
-4866
-5265
-4516
-9371
-7668
-9752
-6276
-3053
-6937
-6283
-8550
-9027
-4178
-4582
-5560
-6548
-3318
-2288
-628
-7603
-1074
-6103
-7965
-6998
-7710
-9696
-7242
-7767
-3743
-1821
-1060
-6989
-9233
-2651
-4848
-2441
-5489
-6704
-3148
-1969
-6029
-8824
-7977
-8140
-3659
-9722
-8141
-6226
-74
-6669
-262
-8066
-8682
-1805
-4878
-7552
-4285
-7500
-8818
-3861
-9243
-8649
-4432
-9493
-7447
-5618
-9845
-2831
-9731
-2185
-7842
-7816
-4196
-1128
-2050
-8117
-3383
-9029
-2462
-1802
-9615
-5716
-9595
-7717
-8772
-9295
-5961
-8058
-9323
-4503
-4555
-3710
-1366
-4712
-1093
-6387
-5258
-7022
-1673
-4151
-6291
-1387
-9360
-9867
-9896
-8563
-3705
-1956
-3390
-6958
-4196
-2532
-5983
-9116
-1372
-6294
-2871
-8566
-3671
-2333
-7026
-8217
-1581
-6666
-9400
-6722
-8250
-5087
-2228
-3384
-1956
-3335
-6791
-1244
-2540
-8178
-4769
-1858
-2565
-5362
-4985
-9710
-2086
-1224
-865
-3613
-3329
-6236
-8235
-5193
-5231
-2207
-8170
-2587
-2017
-3713
-8361
-7597
-8952
-8257
-9404
-5511
-6240
-2792
-4121
-9367
-5295
-9125
-7029
-4333
-7712
-2904
-7967
-4156
-3486
-8702
-829
-2385
-7121
-7151
-617
-2656
-3706
-3065
-3945
-3076
-4671
-8538
-2833
-9236
-9318
-417
-6106
-2340
-9523
-9331
-5200
-641
-3072
-9868
-8077
-4667
-4911
-9084
-7864
-9984
-513
-6573
-1787
-5661
-8325
-3046
-5335
-6180
-5232
-1075
-425
-8812
-2271
-9231
-3129
-9740
-3006
-8566
-3143
-8166
-6262
-6926
-9908
-3396
-9928
-47
-8658
-6900
-6621
-5575
-2540
-2019
-6666
-5535
-2836
-6267
-4740
-5099
-7903
-9965
-9017
-421
-8561
-8749
-7000
-8279
-8056
-7264
-2278
-490
-2361
-2646
-7600
-1186
-7694
-4936
-2991
-1158
-7163
-7665
-7520
-8449
-7283
-5133
-7439
-8763
-5182
-5154
-3624
-8885
-5096
-9953
-1804
-1606
-4185
-9964
-499
-5337
-7686
-5093
-2470
-3060
-4330
-2491
-1370
-423
-8196
-7076
-6925
-2713
-9632
-8953
-3441
-946
-6950
-7636
-5241
-8520
-2147
-3099
-6151
-9915
-3258
-5530
-4482
-3152
-8009
-6595
-1096
-7231
-6123
-6565
-6456
-1163
-657
-8078
-7628
-7349
-624
-2304
-2233
-7775
-4217
-5349
-5207
-6242
-9356
-6819
-1712
-9552
-7466
-9006
-5721
-870
-6157
-3360
-9938
-9898
-1161
-905
-6574
-719
-3199
-5688
-5714
-7705
-1670
-1302
-4814
-9076
-7145
-3157
-2492
-4658
-3951
-6796
-7564
-9145
-6349
-8943
-9867
-8457
-9756
-7137
-6888
-6063
-9898
-8010
-6902
-4699
-8578
-519
-8638
-4194
-11
-3749
-9260
-4676
-7042
-3259
-9127
-2651
-3959
-74
-7118
-761
-2281
-3062
-9173
-1630
-1041
-2019
-259
-7084
-9743
-8814
-6426
-9740
-775
-6865
-9940
-1197
-3914
-5652
-1216
-3216
-8917
-2708
-1952
-6549
-5787
-6566
-688
-2292
-8530
-776
-7526
-1499
-9230
-2044
-9229
-5611
-7808
-3028
-2048
-834
-5805
-3485
-568
-6086
-1886
-2444
-6692
-9351
-7403
-9113
-4923
-3282
-3543
-9038
-4484
-6885
-5643
-4734
-6304
-1078
-9586
-9190
-4813
-5842
-8008
-9766
-7002
-7399
-6754
-2396
-9162
-5889
-1197
-8725
-9465
-8149
-7590
-7315
-9568
-1600
-6925
-9069
-1529
-4286
-8776
-8186
-2321
-7258
-5385
-3868
-2241
-328
-6048
-5453
-6539
-8004
-6703
-6539
-5061
-473
-2016
-7827
-9672
-9218
-1287
-9166
-2726
-8914
-2439
-7487
-2350
-9473
-8006
-1817
-3327
-525
-2465
-9041
-2302
-2797
-2509
-2663
-4217
-7460
-1939
-1444
-1639
-1291
-2745
-3571
-7126
-5483
-6225
-3232
-883
-1341
-1859
-4801
-9415
-4067
-6090
-7943
-9126
-8051
-5519
-708
-8232
-6231
-9256
-538
-8804
-6646
-8319
-2408
-9104
-5360
-1475
-8019
-9354
-9789
-1216
-4663
-3604
-7476
-3277
-5963
-7010
-6330
-3577
-3750
-2516
-2625
-5621
-5412
-7058
-7660
-4753
-4454
-1914
-2804
-7831
-9518
-6507
-5501
-7304
-5286
-8768
-5782
-2904
-7779
-7532
-2835
-7610
-6206
-4360
-8667
-5564
-7885
-1502
-737
-9218
-6723
-7236
-4611
-7682
-2829
-3608
-2181
-5875
-2664
-8430
-3276
-7061
-7331
-1467
-9610
-3294
-537
-8991
-7644
-2970
-6764
-6020
-8853
-9537
-2720
-5946
-1209
-9511
-9837
-9183
-2970
-6437
-7027
-2704
-6147
-1880
-4875
-2081
-6278
-3933
-9233
-9596
-615
-2618
-4308
-7275
-5
-539
-5530
-7781
-5340
-2450
-2756
-8811
-1515
-3949
-5782
-7137
-8887
-7268
-1636
-7949
-9453
-538
-555
-7503
-3288
-4623
-2437
-8852
-935
-8855
-8954
-5611
-7724
-8670
-6983
-596
-5734
-8166
-225
-1532
-9356
-7847
-5286
-1897
-3582
-3748
-7864
-631
-2651
-7789
-9305
-3231
-7394
-4473
-1333
-2442
-2026
-5280
-8147
-7834
-2385
-5450
-9210
-8900
-6373
-3417
-6404
-8397
-2164
-7416
-7172
-7162
-2885
-6929
-87
-2646
-291
-8415
-1261
-5809
-6158
-217
-3380
-9070
-2016
-538
-5977
-6713
-9984
-2785
-6382
-1547
-3177
-3404
-7210
-1342
-8265
-8020
-4292
-6256
-2681
-4407
-4286
-9976
-3519
-1496
-9105
-5961
-5973
-7847
-6397
-1514
-1928
-6032
-7838
-4273
-7633
-4214
-926
-1732
-1956
-9036
-9421
-5583
-6650
-55
-3825
-8739
-7807
-438
-9646
-50
-4220
-5677
-4836
-7501
-3250
-9076
-8796
-5355
-2971
-6819
-753
-6040
-2417
-6907
-5631
-1794
-6572
-4787
-3516
-3906
-2669
-7192
-2361
-5837
-1387
-4850
-1448
-9113
-8273
-7127
-7675
-5966
-4500
-9872
-4688
-8418
-6774
-1230
-4591
-9107
-7181
-9451
-5472
-1604
-7249
-8544
-4221
-9351
-9176
-267
-3676
-5260
-1250
-4445
-8201
-8510
-7828
-4885
-8902
-4408
-7333
-271
-9794
-3258
-2027
-7754
-2298
-1935
-7651
-5244
-5362
-6875
-2515
-5815
-5987
-2645
-448
-681
-7283
-4968
-4879
-2469
-8389
-2810
-1228
-6483
-7222
-5641
-8893
-4905
-9299
-8794
-8133
-1622
-1931
-9791
-8855
-3267
-7017
-2876
-2145
-2440
-4494
-5849
-6437
-9792
-8625
-292
-5974
-8781
-4694
-815
-8359
-6393
-8304
-259
-8836
-7491
-5911
-5112
-9357
-6228
-6648
-4821
-8215
-3125
-3455
-965
-594
-6929
-2485
-8288
-920
-5401
-8811
-3525
-9962
-1213
-2306
-9593
-9419
-9572
-8081
-8290
-7849
-9152
-3892
-8001
-9168
-147
-4196
-9569
-942
-6128
-4780
-5569
-1220
-6290
-5477
-8020
-5330
-9677
-3239
-7444
-1808
-5208
-5183
-8777
-2124
-6485
-8543
-588
-9078
-8278
-809
-5706
-5134
-9969
-5450
-8649
-7257
-6701
-2054
-5804
-9990
-1220
-2888
-5272
-4564
-8359
-8086
-6963
-3008
-96
-6407
-8000
-7040
-8667
-5620
-2475
-8273
-2434
-1440
-1700
-4881
-4156
-9688
-7838
-7244
-1251
-6937
-3206
-8071
-9592
-133
-2611
-863
-3000
-2755
-2080
-6224
-2299
-3114
-7946
-1588
-6113
-8939
-5371
-6018
-2156
-9410
-9635
-9011
-764
-5996
-9114
-6691
-7724
-6038
-9143
-3068
-4752
-6601
-430
-979
-8060
-8056
-4620
-5935
-3380
-4293
-9138
-9646
-646
-8599
-8659
-7046
-3304
-8685
-3358
-8076
-5010
-4816
-2811
-8488
-5289
-1499
-7398
-6003
-2464
-7385
-6077
-1206
-9872
-3587
-3002
-9747
-7074
-2727
-5071
-1136
-849
-7239
-6277
-5447
-1665
-6023
-9860
-8910
-4894
-6085
-753
-6952
-597
-6311
-2089
-9945
-7475
-902
-6111
-7019
-1423
-7468
-8167
-4882
-8121
-9630
-7521
-2543
-5632
-8954
-1974
-5944
-9846
-9457
-7251
-5875
-2115
-9682
-2614
-3029
-3449
-8634
-3035
-8012
-3549
-7341
-8933
-9102
-9200
-4212
-1502
-8337
-610
-1765
-3551
-4264
-8661
-6291
-5580
-3009
-8464
-1595
-1943
-7856
-8618
-8634
-8033
-3113
-19
-9007
-6592
-496
-7491
-7493
-2373
-2098
-1458
-5869
-5113
-2464
-3386
-9565
-3739
-191
-63
-268
-7898
-4144
-8298
-3257
-2691
-880
-9865
-3407
-9131
-688
-1367
-7818
-5754
-3747
-203
-7942
-9004
-8730
-6579
-3645
-4855
-1680
-1485
-525
-9931
-5621
-4441
-4922
-5213
-5515
-8320
-3641
-2723
-4562
-8722
-5577
-1054
-4132
-8787
-4432
-6297
-3504
-4405
-5418
-2532
-1528
-7683
-7712
-127
-394
-8993
-7898
-1560
-6399
-6516
-7221
-4068
-2182
-3347
-6371
-5005
-4414
-7947
-4294
-2608
-6342
-964
-8122
-2324
-4069
-2055
-3686
-6506
-1688
-3386
-2433
-7176
-144
-1505
-1908
-6084
-7240
-9589
-4725
-4721
-3063
-7937
-5310
-5739
-6539
-5969
-2591
-6115
-8624
-7242
-6376
-9674
-3860
-6473
-3893
-7614
-7466
-6683
-856
-3126
-4176
-4384
-7992
-2414
-4914
-4751
-6939
-6065
-6268
-3639
-2885
-1562
-113
-3931
-3119
-3466
-1100
-8588
-7622
-3767
-9817
-5765
-249
-7417
-2275
-1575
-8481
-1956
-8269
-8185
-8446
-5365
-2384
-1118
-8278
-3197
-8328
-8995
-2652
-9567
-797
-8528
-2035
-458
-4227
-8411
-3488
-7142
-129
-6827
-8097
-9872
-1297
-4338
-5248
-6868
-301
-7480
-7302
-2605
-2053
-1640
-1329
-5502
-9584
-9420
-7603
-8398
-5576
-1543
-640
-9158
-4933
-9287
-1654
-2011
-5414
-1015
-2698
-1434
-369
-6726
-6007
-3031
-4608
-7819
-2454
-2132
-7432
-275
-3901
-738
-1561
-2320
-9960
-8890
-4296
-2
-5640
-6345
-7948
-6499
-5934
-477
-8026
-292
-6582
-738
-6386
-953
-6005
-9612
-2118
-3669
-3169
-4067
-1854
-1254
-9155
-7617
-1182
-3696
-9949
-6987
-9474
-5065
-2699
-8416
-8592
-8456
-4652
-4821
-4970
-3693
-8079
-5005
-4054
-1871
-9788
-618
-9790
-5928
-3175
-9717
-9223
-8993
-9526
-4957
-6147
-2029
-1613
-9106
-2613
-823
-4175
-8671
-105
-4908
-9651
-5578
-5327
-8023
-9496
-5531
-2268
-6990
-5594
-1758
-3935
-8160
-1296
-7849
-9908
-6604
-187
-3933
-3547
-5073
-382
-9901
-9463
-7719
-7838
-4384
-9111
-7921
-666
-2567
-468
-6447
-5432
-2174
-8143
-6821
-7619
-2403
-8168
-5983
-3207
-5591
-7678
-9248
-9257
-9784
-8187
-445
-9222
-6443
-3276
-236
-3634
-9787
-8178
-5469
-4814
-9843
-3306
-596
-1638
-4907
-1980
-12
-2561
-5844
-9766
-5084
-134
-6052
-8167
-4295
-4623
-1665
-8844
-4565
-4415
-5999
-475
-3412
-1443
-2808
-7376
-7692
-7002
-9422
-4139
-2613
-2964
-7714
-1383
-2106
-9133
-5842
-7689
-7194
-3606
-1766
-2638
-3459
-9672
-1015
-6625
-4046
-5289
-6516
-9007
-8425
-5643
-9989
-8091
-5495
-5287
-3356
-65
-9993
-6333
-1375
-8060
-6057
-9992
-7766
-3078
-586
-3316
-4982
-6115
-8082
-4576
-3722
-8285
-4707
-2530
-4052
-6142
-8620
-9630
-5912
-528
-19
-8868
-4707
-8453
-9648
-9868
-9790
-7413
-7337
-2835
-9366
-587
-8432
-7043
-5607
-6143
-9052
-1413
-1388
-1874
-6794
-454
-5800
-6252
-6466
-2059
-8611
-5414
-5434
-8277
-9764
-9319
-8956
-914
-5329
-4447
-5622
-6042
-8583
-7974
-7574
-309
-8266
-6770
-866
-4237
-4381
-1882
-8169
-1543
-8047
-7822
-5948
-737
-9626
-2404
-4026
-9739
-7595
-8609
-2094
-3606
-5521
-2076
-4186
-5662
-8182
-5059
-8897
-3640
-2047
-3850
-662
-5146
-6244
-8823
-8519
-6204
-8607
-2383
-3479
-1651
-7397
-143
-6654
-5592
-8198
-7851
-7554
-9643
-5061
-5991
-5778
-4202
-3702
-9047
-2311
-7888
-9051
-4743
-8986
-8702
-1101
-3466
-6979
-9098
-7084
-8900
-7815
-8251
-7574
-6054
-9872
-576
-1335
-3261
-1290
-9700
-4821
-2794
-9330
-3970
-56
-3296
-9389
-3161
-7900
-8496
-346
-4959
-5944
-2356
-3895
-4549
-1435
-3262
-6245
-6510
-6793
-8015
-907
-2959
-9177
-3783
-5419
-1447
-1213
-3232
-6264
-3948
-3102
-9913
-9282
-9209
-8318
-660
-9864
-4250
-7547
-2239
-9115
-4067
-788
-3923
-130
-5172
-1806
-7694
-5826
-9854
-8068
-5425
-1210
-9122
-8849
-8314
-7536
-8287
-9534
-3280
-3710
-3736
-9722
-976
-4987
-8279
-2269
-5386
-9865
-8517
-2379
-5643
-8162
-7765
-2200
-7098
-994
-9076
-2353
-3074
-739
-1425
-5829
-6482
-8940
-8972
-630
-2103
-6824
-4944
-3795
-1028
-7029
-5137
-7201
-8535
-6131
-5621
-8253
-3644
-3322
-451
-2435
-9326
-839
-9500
-1020
-9474
-9983
-5436
-5210
-5426
-8113
-8879
-3380
-9243
-4505
-4788
-6096
-9461
-7689
-3395
-5411
-4038
-8118
-1502
-8363
-390
-7284
-2106
-7607
-9841
-961
-9051
-3596
-2991
-915
-4241
-2008
-8579
-161
-6244
-1122
-9862
-9955
-5233
-9016
-626
-5113
-6754
-5430
-5486
-493
-8208
-2488
-4268
-8440
-2392
-6335
-3429
-7893
-2895
-5587
-16
-6472
-3989
-4814
-4357
-9805
-6155
-6611
-3573
-321
-8629
-3905
-2278
-8689
-3326
-490
-5792
-9237
-2335
-6353
-7752
-7707
-9310
-5352
-848
-6883
-806
-5622
-2556
-590
-4043
-4137
-1843
-2038
-2218
-8112
-1930
-8269
-8163
-1270
-3552
-518
-6999
-7678
-6585
-3315
-9663
-6705
-5996
-8308
-2434
-9657
-5693
-1147
-3685
-5483
-72
-9135
-7025
-5495
-3458
-1816
-8662
-7425
-8464
-9412
-9666
-5819
-7764
-7483
-9616
-808
-9244
-2072
-4737
-2402
-249
-8786
-9499
-8790
-2432
-6094
-2468
-1973
-3987
-8581
-1982
-2123
-5406
-4917
-7536
-8300
-5377
-1193
-3529
-8002
-9120
-6072
-164
-6103
-4701
-3503
-6922
-5042
-6849
-2031
-8667
-8340
-4285
-3861
-58
-7329
-8995
-1019
-1292
-3006
-868
-1585
-4672
-126
-1944
-6908
-5036
-4987
-8336
-459
-6939
-1716
-4060
-2460
-3128
-7435
-3595
-4498
-4618
-476
-5894
-7011
-2894
-8830
-7724
-6019
-7317
-4058
-5677
-9379
-9507
-9996
-8118
-7688
-4819
-4877
-7487
-9051
-3964
-6812
-3142
-8997
-3621
-7265
-4090
-4119
-3111
-8592
-4391
-6283
-4295
-7534
-6917
-3820
-2193
-278
-5920
-3782
-8148
-2936
-5174
-9359
-9456
-8791
-8306
-3761
-8080
-7375
-7003
-2092
-504
-2569
-4157
-5535
-5358
-8335
-8259
-1249
-1944
-2494
-9513
-9554
-1210
-6095
-6549
-6067
-5852
-2164
-9471
-1622
-7550
-148
-7349
-7013
-6923
-8310
-9248
-8788
-3775
-9149
-4324
-9735
-1513
-9656
-3755
-1985
-6526
-5303
-7247
